{
    "Hips": {
        "location": [
            0.0,
            -9.094947017729282e-13,
            0.0
        ],
        "rotation": [
            -1.6284439969093206e-12,
            -0.0,
            0.0
        ],
        "scale": [
            1.0,
            1.0,
            1.0000001192092896
        ],
        "head_world": [
            0.0,
            -1.0548316822678316e-05,
            0.7674480080604553
        ],
        "head_world_transformed": [
            0.0,
            -1.0548317732173018e-05,
            0.7674480080604553
        ],
        "delta_matrix": [
            [
                1.0,
                0.0,
                0.0,
                0.0
            ],
            [
                0.0,
                1.0,
                0.0,
                3.268496584496461e-13
            ],
            [
                0.0,
                -2.842170943040401e-14,
                1.0000001192092896,
                -1.1920637632556463e-07
            ],
            [
                0.0,
                0.0,
                0.0,
                1.0
            ]
        ]
    },
    "Spine": {
        "location": [
            0.0,
            0.0,
            0.0
        ],
        "rotation": [
            -1.6284439969093206e-12,
            -0.0,
            0.0
        ],
        "scale": [
            1.0,
            1.0,
            1.0000001192092896
        ],
        "head_world": [
            0.0,
            -1.0556858796917368e-05,
            0.7977190017700195
        ],
        "head_world_transformed": [
            0.0,
            -1.0556858796917368e-05,
            0.7977190017700195
        ],
        "delta_matrix": [
            [
                1.0,
                0.0,
                0.0,
                0.0
            ],
            [
                0.0,
                1.0,
                0.0,
                4.973799150320701e-13
            ],
            [
                0.0,
                -2.842170943040401e-14,
                1.0000001192092896,
                2.9148905511533485e-12
            ],
            [
                0.0,
                0.0,
                0.0,
                1.0
            ]
        ]
    },
    "Chest": {
        "location": [
            0.0,
            2.3283064365386963e-10,
            0.0
        ],
        "rotation": [
            0.0,
            -0.0,
            0.0
        ],
        "scale": [
            0.9999998807907104,
            1.0,
            1.0
        ],
        "head_world": [
            0.0,
            0.0019889874383807182,
            0.8915325999259949
        ],
        "head_world_transformed": [
            0.0,
            0.001988987671211362,
            0.8915325999259949
        ],
        "delta_matrix": [
            [
                0.9999998807907104,
                0.0,
                0.0,
                0.0
            ],
            [
                0.0,
                1.0,
                -2.9802322387695312e-08,
                2.537854015827179e-08
            ],
            [
                0.0,
                0.0,
                1.0,
                -1.4901161193847656e-08
            ],
            [
                0.0,
                0.0,
                0.0,
                1.0
            ]
        ]
    },
    "Neck": {
        "location": [
            0.0,
            1.862645149230957e-08,
            0.0
        ],
        "rotation": [
            -8.537736462515939e-07,
            -0.0,
            0.0
        ],
        "scale": [
            1.0,
            1.0,
            1.0
        ],
        "head_world": [
            0.0,
            0.03618297725915909,
            1.060049295425415
        ],
        "head_world_transformed": [
            0.0,
            0.03618299588561058,
            1.060049295425415
        ],
        "delta_matrix": [
            [
                1.0,
                0.0,
                0.0,
                0.0
            ],
            [
                0.0,
                1.0,
                -3.3527612686157227e-08,
                6.332993507385254e-08
            ],
            [
                0.0,
                -1.4901161193847656e-08,
                1.0,
                -8.242204785346985e-08
            ],
            [
                0.0,
                0.0,
                0.0,
                1.0
            ]
        ]
    },
    "Head": {
        "location": [
            0.0,
            -2.60770320892334e-08,
            0.0
        ],
        "rotation": [
            1.920990907621586e-06,
            -0.0,
            0.0
        ],
        "scale": [
            1.0,
            0.9999999403953552,
            0.9999999403953552
        ],
        "head_world": [
            0.0,
            0.03370010480284691,
            1.1206201314926147
        ],
        "head_world_transformed": [
            0.0,
            0.03370007872581482,
            1.1206201314926147
        ],
        "delta_matrix": [
            [
                1.0,
                0.0,
                0.0,
                0.0
            ],
            [
                0.0,
                0.9999999403953552,
                -3.3527612686157227e-08,
                2.9802322387695312e-08
            ],
            [
                0.0,
                3.3527612686157227e-08,
                0.9999999403953552,
                3.4458935260772705e-08
            ],
            [
                0.0,
                0.0,
                0.0,
                1.0
            ]
        ]
    },
    "LeftShoulder": {
        "location": [
            0.0,
            0.0,
            0.0
        ],
        "rotation": [
            -6.454995673124843e-06,
            2.185793936536307e-05,
            -5.135982090732244e-07
        ],
        "scale": [
            1.0,
            1.0,
            1.000000238418579
        ],
        "head_world": [
            0.04227587208151817,
            0.04212446138262749,
            1.0361676216125488
        ],
        "head_world_transformed": [
            0.04227587208151817,
            0.04212446138262749,
            1.0361676216125488
        ],
        "delta_matrix": [
            [
                1.0,
                3.841705620288849e-09,
                3.812601789832115e-07,
                -3.9301812648773193e-07
            ],
            [
                -8.96397978067398e-09,
                1.0,
                1.2964301276952028e-07,
                -1.3300450518727303e-07
            ],
            [
                -3.814930096268654e-07,
                -1.1266092769801617e-07,
                1.000000238418579,
                -2.73226760327816e-07
            ],
            [
                0.0,
                0.0,
                0.0,
                1.0
            ]
        ]
    },
    "LeftUpperArm": {
        "location": [
            0.0,
            0.0,
            0.0
        ],
        "rotation": [
            -7.519172425997106e-06,
            1.4477049518251514e-05,
            -2.270246344971222e-07
        ],
        "scale": [
            1.0,
            0.9999998211860657,
            1.0000001192092896
        ],
        "head_world": [
            0.07508635520935059,
            0.04174937680363655,
            1.0367438793182373
        ],
        "head_world_transformed": [
            0.07508635520935059,
            0.04174937680363655,
            1.0367438793182373
        ],
        "delta_matrix": [
            [
                1.0,
                2.018396116909571e-09,
                2.5482131604803726e-07,
                -2.6248744688928127e-07
            ],
            [
                -3.9623273551114835e-09,
                0.9999998211860657,
                1.3119586128595984e-07,
                -1.2652890291064978e-07
            ],
            [
                -2.5267218006774783e-07,
                -1.3123428743710974e-07,
                1.0000001192092896,
                -9.764335118234158e-09
            ],
            [
                0.0,
                0.0,
                0.0,
                1.0
            ]
        ]
    },
    "LeftLowerArm": {
        "location": [
            0.0,
            0.0,
            0.0
        ],
        "rotation": [
            -8.00261673757956e-06,
            2.0070350793523796e-05,
            -1.410102225803719e-07
        ],
        "scale": [
            1.0,
            1.0,
            1.0000001192092896
        ],
        "head_world": [
            0.2872571051120758,
            0.042184364050626755,
            1.036587119102478
        ],
        "head_world_transformed": [
            0.2872571051120758,
            0.042184364050626755,
            1.036587119102478
        ],
        "delta_matrix": [
            [
                1.0,
                7.414428182528354e-09,
                3.5240373108536005e-07,
                -3.6944402381777763e-07
            ],
            [
                -2.461092662997544e-09,
                1.0,
                1.4011266102897935e-07,
                -1.2852251529693604e-07
            ],
            [
                -3.5029370337724686e-07,
                -1.3967201084597036e-07,
                1.0000001192092896,
                -9.370705811306834e-08
            ],
            [
                0.0,
                0.0,
                0.0,
                1.0
            ]
        ]
    },
    "LeftHand": {
        "location": [
            0.0,
            0.0,
            0.0
        ],
        "rotation": [
            -8.375440848451965e-06,
            2.0075771883589506e-05,
            -6.740456028117996e-08
        ],
        "scale": [
            0.9999998807907104,
            0.9999997615814209,
            1.0000001192092896
        ],
        "head_world": [
            0.4834153652191162,
            0.03826938942074776,
            1.03653085231781
        ],
        "head_world_transformed": [
            0.4834153652191162,
            0.03826938942074776,
            1.03653085231781
        ],
        "delta_matrix": [
            [
                0.9999998807907104,
                -6.177742761792615e-10,
                3.5244738683104515e-07,
                -3.414097591303289e-07
            ],
            [
                -1.1764313967432827e-09,
                0.9999997615814209,
                1.4105444279266521e-07,
                -1.3783574104309082e-07
            ],
            [
                -3.5038829082623124e-07,
                -1.4617899068980478e-07,
                1.0000001192092896,
                -5.689798854291439e-09
            ],
            [
                0.0,
                0.0,
                0.0,
                1.0
            ]
        ]
    },
    "LeftIndexProximal": {
        "location": [
            5.960464477539063e-08,
            7.450580596923828e-09,
            0.0
        ],
        "rotation": [
            -9.004644739531778e-06,
            2.119760206772835e-05,
            -10.324568590904635
        ],
        "scale": [
            0.9999998807907104,
            0.9999999403953552,
            1.000000238418579
        ],
        "head_world": [
            0.5430762767791748,
            0.016598081216216087,
            1.0384186506271362
        ],
        "head_world_transformed": [
            0.5430763363838196,
            0.016598088666796684,
            1.0384186506271362
        ],
        "delta_matrix": [
            [
                0.983808159828186,
                0.17922407388687134,
                4.1909515857696533e-07,
                0.005818257108330727
            ],
            [
                -0.17922407388687134,
                0.9838082194328308,
                8.475035429000854e-08,
                0.0976010113954544
            ],
            [
                -3.6996789276599884e-07,
                -1.57160684466362e-07,
                1.000000238418579,
                -1.1734664440155029e-07
            ],
            [
                0.0,
                0.0,
                0.0,
                1.0
            ]
        ]
    },
    "LeftIndexIntermediate": {
        "location": [
            -0.00033152103424072266,
            -0.00476333312690258,
            0.0
        ],
        "rotation": [
            -8.494379955320226e-06,
            2.2231465335598143e-05,
            -10.324568590904635
        ],
        "scale": [
            0.9999999403953552,
            1.0000001192092896,
            1.0000001192092896
        ],
        "head_world": [
            0.5696044564247131,
            0.0171444620937109,
            1.0361287593841553
        ],
        "head_world_transformed": [
            0.5692729353904724,
            0.012381128966808319,
            1.0361287593841553
        ],
        "delta_matrix": [
            [
                0.9838082194328308,
                0.17922410368919373,
                4.3213367462158203e-07,
                0.005818289704620838
            ],
            [
                -0.17922408878803253,
                0.9838083982467651,
                1.1129304766654968e-07,
                0.09760097414255142
            ],
            [
                -3.8801226764917374e-07,
                -1.4825491234660149e-07,
                1.0000001192092896,
                1.0896474123001099e-07
            ],
            [
                0.0,
                0.0,
                0.0,
                1.0
            ]
        ]
    },
    "LeftIndexDistal": {
        "location": [
            -0.0005200505256652832,
            -0.007476696744561195,
            0.0
        ],
        "rotation": [
            -1.1119071792214734e-05,
            2.1644489440024186e-05,
            -10.324567737130987
        ],
        "scale": [
            1.0000001192092896,
            0.9999997019767761,
            1.0000003576278687
        ],
        "head_world": [
            0.5847156643867493,
            0.017457779496908188,
            1.0354564189910889
        ],
        "head_world_transformed": [
            0.584195613861084,
            0.009981082752346992,
            1.0354564189910889
        ],
        "delta_matrix": [
            [
                0.9838084578514099,
                0.17922404408454895,
                4.172325134277344e-07,
                0.0058181630447506905
            ],
            [
                -0.17922410368919373,
                0.9838079810142517,
                6.845220923423767e-08,
                0.0976010337471962
            ],
            [
                -3.7776771932840347e-07,
                -1.9406434148550034e-07,
                1.0000003576278687,
                1.0244548320770264e-08
            ],
            [
                0.0,
                0.0,
                0.0,
                1.0
            ]
        ]
    },
    "LeftMiddleProximal": {
        "location": [
            0.0,
            1.30385160446167e-08,
            1.1920928955078125e-07
        ],
        "rotation": [
            -8.511059292958571e-06,
            2.1925479080134885e-05,
            -2.4012388889713566e-07
        ],
        "scale": [
            0.9999998211860657,
            0.9999997019767761,
            1.0000001192092896
        ],
        "head_world": [
            0.5460271835327148,
            0.029485227540135384,
            1.0376530885696411
        ],
        "head_world_transformed": [
            0.5460271835327148,
            0.029485240578651428,
            1.0376532077789307
        ],
        "delta_matrix": [
            [
                0.9999998211860657,
                1.4551915228366852e-09,
                3.983441274613142e-07,
                -3.28640453517437e-07
            ],
            [
                -4.190951585769653e-09,
                0.9999997019767761,
                1.414446160197258e-07,
                -1.1734664440155029e-07
            ],
            [
                -3.826717147603631e-07,
                -1.4854595065116882e-07,
                1.0000001192092896,
                1.1408701539039612e-07
            ],
            [
                0.0,
                0.0,
                0.0,
                1.0
            ]
        ]
    },
    "LeftMiddleIntermediate": {
        "location": [
            0.0,
            1.1175870895385742e-08,
            1.1920928955078125e-07
        ],
        "rotation": [
            -8.70115488871578e-06,
            1.2604005090786428e-05,
            2.0010327467352967e-07
        ],
        "scale": [
            0.9999996423721313,
            0.9999999403953552,
            1.0000003576278687
        ],
        "head_world": [
            0.5738785266876221,
            0.02910645492374897,
            1.0361640453338623
        ],
        "head_world_transformed": [
            0.5738785266876221,
            0.029106466099619865,
            1.0361641645431519
        ],
        "delta_matrix": [
            [
                0.9999996423721313,
                6.111804395914078e-09,
                2.8176873456686735e-07,
                -1.076841726899147e-07
            ],
            [
                3.4924596548080444e-09,
                0.9999999403953552,
                1.4330726116895676e-07,
                -1.2945383787155151e-07
            ],
            [
                -2.199813025072217e-07,
                -1.5186378732323647e-07,
                1.0000003576278687,
                -1.1047814041376114e-07
            ],
            [
                0.0,
                0.0,
                0.0,
                1.0
            ]
        ]
    },
    "LeftMiddleDistal": {
        "location": [
            0.0,
            1.1175870895385742e-08,
            1.1920928955078125e-07
        ],
        "rotation": [
            -8.961290675002061e-06,
            1.276492222700702e-05,
            4.3355713329263713e-07
        ],
        "scale": [
            0.9999995231628418,
            0.9999998211860657,
            1.0000001192092896
        ],
        "head_world": [
            0.5907608866691589,
            0.02886497788131237,
            1.0352505445480347
        ],
        "head_world_transformed": [
            0.5907608866691589,
            0.028864989057183266,
            1.0352506637573242
        ],
        "delta_matrix": [
            [
                0.9999995231628418,
                3.3760443329811096e-09,
                2.8270005714148283e-07,
                2.6135239750146866e-08
            ],
            [
                7.566995918750763e-09,
                0.9999998211860657,
                1.4889519661664963e-07,
                -1.364387571811676e-07
            ],
            [
                -2.227898221462965e-07,
                -1.5640398487448692e-07,
                1.0000001192092896,
                9.278301149606705e-08
            ],
            [
                0.0,
                0.0,
                0.0,
                1.0
            ]
        ]
    },
    "LeftRingProximal": {
        "location": [
            0.0,
            1.4901161193847656e-08,
            0.0
        ],
        "rotation": [
            -7.043633395797648e-06,
            2.2309830946061412e-05,
            10.569971311367668
        ],
        "scale": [
            1.0000003576278687,
            0.9999998807907104,
            1.0000004768371582
        ],
        "head_world": [
            0.5433149337768555,
            0.041657108813524246,
            1.0362919569015503
        ],
        "head_world_transformed": [
            0.5433149337768555,
            0.04165712371468544,
            1.0362919569015503
        ],
        "delta_matrix": [
            [
                0.9830319881439209,
                -0.18343621492385864,
                3.6228448152542114e-07,
                0.016860077157616615
            ],
            [
                0.18343622982501984,
                0.9830315113067627,
                2.0954757928848267e-07,
                -0.09895697236061096
            ],
            [
                -3.893801476806402e-07,
                -1.2293457984924316e-07,
                1.0000004768371582,
                -9.374343790113926e-08
            ],
            [
                0.0,
                0.0,
                0.0,
                1.0
            ]
        ]
    },
    "LeftRingIntermediate": {
        "location": [
            -0.0003679990768432617,
            0.004709891974925995,
            0.0
        ],
        "rotation": [
            -7.663954939096319e-06,
            2.18829522651556e-05,
            10.569967896273084
        ],
        "scale": [
            1.0,
            0.9999996423721313,
            1.0
        ],
        "head_world": [
            0.5689569711685181,
            0.04129139333963394,
            1.034233808517456
        ],
        "head_world_transformed": [
            0.5685889720916748,
            0.046001285314559937,
            1.034233808517456
        ],
        "delta_matrix": [
            [
                0.983031690120697,
                -0.18343615531921387,
                3.46451997756958e-07,
                0.016860321164131165
            ],
            [
                0.18343612551689148,
                0.9830312728881836,
                2.039596438407898e-07,
                -0.09895690530538559
            ],
            [
                -3.819295670837164e-07,
                -1.337612047791481e-07,
                1.0,
                2.0323204807937145e-07
            ],
            [
                0.0,
                0.0,
                0.0,
                1.0
            ]
        ]
    },
    "LeftRingDistal": {
        "location": [
            -0.0006090402603149414,
            0.00774601474404335,
            -1.1920928955078125e-07
        ],
        "rotation": [
            -7.403820781254036e-06,
            2.21247403729287e-05,
            10.569969603820377
        ],
        "scale": [
            1.0,
            0.9999997019767761,
            1.0000001192092896
        ],
        "head_world": [
            0.5854884386062622,
            0.041076235473155975,
            1.0332611799240112
        ],
        "head_world_transformed": [
            0.5848793983459473,
            0.048822250217199326,
            1.0332610607147217
        ],
        "delta_matrix": [
            [
                0.983031690120697,
                -0.18343618512153625,
                3.334134817123413e-07,
                0.016860229894518852
            ],
            [
                0.18343615531921387,
                0.9830313324928284,
                1.862645149230957e-07,
                -0.09895690530538559
            ],
            [
                -3.861496224999428e-07,
                -1.2922100722789764e-07,
                1.0000001192092896,
                -3.026798367500305e-09
            ],
            [
                0.0,
                0.0,
                0.0,
                1.0
            ]
        ]
    },
    "LeftLittleProximal": {
        "location": [
            5.960464477539063e-08,
            7.450580596923828e-09,
            0.0
        ],
        "rotation": [
            -5.555781925583492e-06,
            1.9670139511511372e-05,
            20.04062879846366
        ],
        "scale": [
            1.000000238418579,
            1.0,
            1.0000004768371582
        ],
        "head_world": [
            0.5379389524459839,
            0.05387234687805176,
            1.0308424234390259
        ],
        "head_world_transformed": [
            0.5379390120506287,
            0.053872354328632355,
            1.0308424234390259
        ],
        "delta_matrix": [
            [
                0.9394501447677612,
                -0.3426865339279175,
                2.9068905860185623e-07,
                0.051033299416303635
            ],
            [
                0.3426865041255951,
                0.9394497871398926,
                2.614688128232956e-07,
                -0.18108269572257996
            ],
            [
                -3.4330878406763077e-07,
                -9.696668712422252e-08,
                1.0000004768371582,
                -2.541346475481987e-07
            ],
            [
                0.0,
                0.0,
                0.0,
                1.0
            ]
        ]
    },
    "LeftLittleIntermediate": {
        "location": [
            -0.000911414623260498,
            0.00704498216509819,
            0.0
        ],
        "rotation": [
            -1.0177748111357304e-05,
            2.17828957806535e-05,
            20.040632213558247
        ],
        "scale": [
            1.000000238418579,
            1.0000001192092896,
            1.0000001192092896
        ],
        "head_world": [
            0.5583303570747375,
            0.05292898043990135,
            1.0308128595352173
        ],
        "head_world_transformed": [
            0.557418942451477,
            0.05997396260499954,
            1.0308128595352173
        ],
        "delta_matrix": [
            [
                0.9394500851631165,
                -0.34268659353256226,
                3.3155083656311035e-07,
                0.05103323236107826
            ],
            [
                0.34268656373023987,
                0.9394499063491821,
                2.253800630569458e-07,
                -0.18108266592025757
            ],
            [
                -3.8018333725631237e-07,
                -1.7763522919267416e-07,
                1.0000001192092896,
                -4.470348358154297e-08
            ],
            [
                0.0,
                0.0,
                0.0,
                1.0
            ]
        ]
    },
    "LeftLittleDistal": {
        "location": [
            -0.0016096234321594238,
            0.01112867146730423,
            0.0
        ],
        "rotation": [
            -1.0101040256882892e-05,
            2.0990820620556805e-05,
            20.040632213558247
        ],
        "scale": [
            1.000000238418579,
            1.000000238418579,
            1.0000003576278687
        ],
        "head_world": [
            0.5702353715896606,
            0.05286311358213425,
            1.0303585529327393
        ],
        "head_world_transformed": [
            0.5686257481575012,
            0.06399178504943848,
            1.0303585529327393
        ],
        "delta_matrix": [
            [
                0.9394500851631165,
                -0.34268665313720703,
                3.390014171600342e-07,
                0.05103322118520737
            ],
            [
                0.3426865339279175,
                0.9394500255584717,
                2.2351741790771484e-07,
                -0.18108266592025757
            ],
            [
                -3.6635901778936386e-07,
                -1.762964529916644e-07,
                1.0000003576278687,
                -6.332993507385254e-08
            ],
            [
                0.0,
                0.0,
                0.0,
                1.0
            ]
        ]
    },
    "LeftThumbProximal": {
        "location": [
            -8.940696716308594e-08,
            1.30385160446167e-08,
            0.0
        ],
        "rotation": [
            -1.5367927260972687e-05,
            2.4332542404394437e-05,
            -6.830187541568754e-06
        ],
        "scale": [
            1.000000238418579,
            0.9999998807907104,
            1.000000238418579
        ],
        "head_world": [
            0.49847182631492615,
            0.016368873417377472,
            1.0297898054122925
        ],
        "head_world_transformed": [
            0.498471736907959,
            0.016368886455893517,
            1.0297898054122925
        ],
        "delta_matrix": [
            [
                1.000000238418579,
                -1.4901161193847656e-07,
                3.2782554626464844e-07,
                -4.023313522338867e-07
            ],
            [
                -1.1920928955078125e-07,
                0.9999998807907104,
                3.129243850708008e-07,
                -2.1792948246002197e-07
            ],
            [
                -4.246830940246582e-07,
                -2.682209014892578e-07,
                1.000000238418579,
                1.1175870895385742e-08
            ],
            [
                0.0,
                0.0,
                0.0,
                1.0
            ]
        ]
    },
    "LeftThumbIntermediate": {
        "location": [
            1.1920928955078125e-07,
            4.44706529378891e-08,
            3.5762786865234375e-07
        ],
        "rotation": [
            -5.976416337983156e-06,
            1.45141503578331e-05,
            1.707547088947688e-06
        ],
        "scale": [
            1.0000001192092896,
            0.9999998807907104,
            1.0000003576278687
        ],
        "head_world": [
            0.5202527046203613,
            0.002444454235956073,
            1.026045322418213
        ],
        "head_world_transformed": [
            0.5202528238296509,
            0.0024444987066090107,
            1.0260456800460815
        ],
        "delta_matrix": [
            [
                1.0000001192092896,
                -5.960464477539063e-08,
                3.3527612686157227e-07,
                -1.6391277313232422e-07
            ],
            [
                2.9802322387695312e-08,
                0.9999998807907104,
                2.0116567611694336e-07,
                -2.0070001482963562e-07
            ],
            [
                -2.5331974029541016e-07,
                -1.043081283569336e-07,
                1.0000003576278687,
                1.7508864402770996e-07
            ],
            [
                0.0,
                0.0,
                0.0,
                1.0
            ]
        ]
    },
    "LeftThumbDistal": {
        "location": [
            0.0,
            -9.592622518539429e-08,
            3.5762786865234375e-07
        ],
        "rotation": [
            -7.683963630486343e-06,
            1.6221697650336287e-05,
            8.537735648293941e-06
        ],
        "scale": [
            1.0000001192092896,
            0.9999999403953552,
            1.000000238418579
        ],
        "head_world": [
            0.5360832214355469,
            -0.0076756468042731285,
            1.0233240127563477
        ],
        "head_world_transformed": [
            0.5360832214355469,
            -0.007675742730498314,
            1.0233243703842163
        ],
        "delta_matrix": [
            [
                1.0000001192092896,
                -2.2351741790771484e-07,
                2.2351741790771484e-07,
                -3.725290298461914e-07
            ],
            [
                1.4901161193847656e-07,
                0.9999999403953552,
                1.1920928955078125e-07,
                -3.1851232051849365e-07
            ],
            [
                -2.8312206268310547e-07,
                -1.341104507446289e-07,
                1.000000238418579,
                2.0489096641540527e-07
            ],
            [
                0.0,
                0.0,
                0.0,
                1.0
            ]
        ]
    },
    "RightShoulder": {
        "location": [
            0.0,
            0.0,
            0.0
        ],
        "rotation": [
            -6.454995673124843e-06,
            -2.185793936536307e-05,
            5.135982090732244e-07
        ],
        "scale": [
            1.0,
            1.0,
            1.000000238418579
        ],
        "head_world": [
            -0.04227587208151817,
            0.04212446138262749,
            1.0361676216125488
        ],
        "head_world_transformed": [
            -0.04227587208151817,
            0.04212446138262749,
            1.0361676216125488
        ],
        "delta_matrix": [
            [
                1.0,
                -3.841705620288849e-09,
                -3.812601789832115e-07,
                3.9301812648773193e-07
            ],
            [
                8.96397978067398e-09,
                1.0,
                1.2964301276952028e-07,
                -1.3300450518727303e-07
            ],
            [
                3.814930096268654e-07,
                -1.1266092769801617e-07,
                1.000000238418579,
                -2.73226760327816e-07
            ],
            [
                0.0,
                0.0,
                0.0,
                1.0
            ]
        ]
    },
    "RightUpperArm": {
        "location": [
            0.0,
            0.0,
            0.0
        ],
        "rotation": [
            -7.519172425997106e-06,
            -1.4477049518251514e-05,
            2.270246344971222e-07
        ],
        "scale": [
            1.0,
            0.9999998211860657,
            1.0000001192092896
        ],
        "head_world": [
            -0.07508635520935059,
            0.04174937680363655,
            1.0367438793182373
        ],
        "head_world_transformed": [
            -0.07508635520935059,
            0.04174937680363655,
            1.0367438793182373
        ],
        "delta_matrix": [
            [
                1.0,
                -2.018396116909571e-09,
                -2.5482131604803726e-07,
                2.6248744688928127e-07
            ],
            [
                3.9623273551114835e-09,
                0.9999998211860657,
                1.3119586128595984e-07,
                -1.2652890291064978e-07
            ],
            [
                2.5267218006774783e-07,
                -1.3123428743710974e-07,
                1.0000001192092896,
                -9.764335118234158e-09
            ],
            [
                0.0,
                0.0,
                0.0,
                1.0
            ]
        ]
    },
    "RightLowerArm": {
        "location": [
            0.0,
            0.0,
            0.0
        ],
        "rotation": [
            -8.00261673757956e-06,
            -2.0070350793523796e-05,
            1.410102225803719e-07
        ],
        "scale": [
            1.0,
            1.0,
            1.0000001192092896
        ],
        "head_world": [
            -0.2872571051120758,
            0.042184364050626755,
            1.036587119102478
        ],
        "head_world_transformed": [
            -0.2872571051120758,
            0.042184364050626755,
            1.036587119102478
        ],
        "delta_matrix": [
            [
                1.0,
                -7.414428182528354e-09,
                -3.5240373108536005e-07,
                3.6944402381777763e-07
            ],
            [
                2.461092662997544e-09,
                1.0,
                1.4011266102897935e-07,
                -1.2852251529693604e-07
            ],
            [
                3.5029370337724686e-07,
                -1.3967201084597036e-07,
                1.0000001192092896,
                -9.370705811306834e-08
            ],
            [
                0.0,
                0.0,
                0.0,
                1.0
            ]
        ]
    },
    "RightHand": {
        "location": [
            0.0,
            0.0,
            0.0
        ],
        "rotation": [
            -8.375440848451965e-06,
            -2.0075771883589506e-05,
            6.740456028117996e-08
        ],
        "scale": [
            0.9999998807907104,
            0.9999997615814209,
            1.0000001192092896
        ],
        "head_world": [
            -0.4834153652191162,
            0.03826938942074776,
            1.03653085231781
        ],
        "head_world_transformed": [
            -0.4834153652191162,
            0.03826938942074776,
            1.03653085231781
        ],
        "delta_matrix": [
            [
                0.9999998807907104,
                6.177742761792615e-10,
                -3.5244738683104515e-07,
                3.414097591303289e-07
            ],
            [
                1.1764313967432827e-09,
                0.9999997615814209,
                1.4105444279266521e-07,
                -1.3783574104309082e-07
            ],
            [
                3.5038829082623124e-07,
                -1.4617899068980478e-07,
                1.0000001192092896,
                -5.689798854291439e-09
            ],
            [
                0.0,
                0.0,
                0.0,
                1.0
            ]
        ]
    },
    "RightIndexProximal": {
        "location": [
            -5.960464477539063e-08,
            7.450580596923828e-09,
            0.0
        ],
        "rotation": [
            -9.004644739531778e-06,
            -2.119760043928435e-05,
            10.324571152225573
        ],
        "scale": [
            0.9999998211860657,
            0.9999999403953552,
            1.000000238418579
        ],
        "head_world": [
            -0.5430762767791748,
            0.016598081216216087,
            1.0384186506271362
        ],
        "head_world_transformed": [
            -0.5430763363838196,
            0.016598088666796684,
            1.0384186506271362
        ],
        "delta_matrix": [
            [
                0.9838081002235413,
                -0.17922407388687134,
                -4.2654573917388916e-07,
                -0.005818286910653114
            ],
            [
                0.17922410368919373,
                0.9838082194328308,
                8.568167686462402e-08,
                0.097601018846035
            ],
            [
                3.6996789276599884e-07,
                -1.57160684466362e-07,
                1.000000238418579,
                -1.1734664440155029e-07
            ],
            [
                0.0,
                0.0,
                0.0,
                1.0
            ]
        ]
    },
    "RightIndexIntermediate": {
        "location": [
            0.00033152103424072266,
            -0.00476333312690258,
            0.0
        ],
        "rotation": [
            -8.494379955320226e-06,
            -2.2231465335598143e-05,
            10.32456944467828
        ],
        "scale": [
            0.9999999403953552,
            1.0000001192092896,
            1.0000001192092896
        ],
        "head_world": [
            -0.5696044564247131,
            0.0171444620937109,
            1.0361287593841553
        ],
        "head_world_transformed": [
            -0.5692729353904724,
            0.012381128966808319,
            1.0361287593841553
        ],
        "delta_matrix": [
            [
                0.9838082194328308,
                -0.17922410368919373,
                -4.3585896492004395e-07,
                -0.00581828597933054
            ],
            [
                0.17922410368919373,
                0.9838083982467651,
                1.1175870895385742e-07,
                0.09760098159313202
            ],
            [
                3.8801226764917374e-07,
                -1.4825491234660149e-07,
                1.0000001192092896,
                1.0896474123001099e-07
            ],
            [
                0.0,
                0.0,
                0.0,
                1.0
            ]
        ]
    },
    "RightIndexDistal": {
        "location": [
            0.0005200505256652832,
            -0.00747669767588377,
            0.0
        ],
        "rotation": [
            -1.1119071792214734e-05,
            -2.164449269691218e-05,
            10.324570298451928
        ],
        "scale": [
            1.0000001192092896,
            0.9999997019767761,
