{
    "Hips": {
        "location": [
            0.0,
            0.0,
            0.0
        ],
        "rotation": [
            1.349993100989802e-06,
            -0.0,
            0.0
        ],
        "scale": [
            1.0,
            1.0,
            1.0
        ],
        "head_world": [
            8.280191089963604e-17,
            -0.032065097242593765,
            0.7833163142204285
        ],
        "head_world_transformed": [
            8.280191089963604e-17,
            -0.032065097242593765,
            0.7833163142204285
        ],
        "delta_matrix": [
            [
                1.0,
                0.0,
                0.0,
                0.0
            ],
            [
                0.0,
                1.0,
                -2.3561824491480365e-08,
                1.7388799733453197e-08
            ],
            [
                0.0,
                2.3561824491480365e-08,
                1.0,
                -8.291080710876031e-09
            ],
            [
                0.0,
                0.0,
                0.0,
                1.0
            ]
        ]
    },
    "Spine": {
        "location": [
            0.0,
            0.0,
            0.0
        ],
        "rotation": [
            1.3499947294337989e-06,
            -0.0,
            0.0
        ],
        "scale": [
            1.0,
            1.0,
            1.0
        ],
        "head_world": [
            2.4840572608146323e-16,
            -0.03206508234143257,
            0.8214377164840698
        ],
        "head_world_transformed": [
            2.4840572608146323e-16,
            -0.03206508234143257,
            0.8214377164840698
        ],
        "delta_matrix": [
            [
                1.0,
                0.0,
                0.0,
                0.0
            ],
            [
                0.0,
                1.0,
                -2.3561824491480365e-08,
                1.7642960870034585e-08
            ],
            [
                0.0,
                2.3561852913189796e-08,
                1.0,
                -7.527953371777585e-09
            ],
            [
                0.0,
                0.0,
                0.0,
                1.0
            ]
        ]
    },
    "Chest": {
        "location": [
            2.6469779601696886e-23,
            0.0,
            0.0
        ],
        "rotation": [
            1.7075472925031877e-06,
            1.5166066558187088e-20,
            -2.1232493181461923e-20
        ],
        "scale": [
            1.0,
            1.0,
            1.0
        ],
        "head_world": [
            2.4840572608146323e-16,
            -0.03206505998969078,
            0.8991488814353943
        ],
        "head_world_transformed": [
            2.4840575255124283e-16,
            -0.03206505998969078,
            0.8991488814353943
        ],
        "delta_matrix": [
            [
                1.0,
                1.0587911840678754e-22,
                1.0587911840678754e-22,
                -1.5881867761018131e-22
            ],
            [
                -3.705769144237564e-22,
                1.0,
                -5.960464477539063e-08,
                4.842877388000488e-08
            ],
            [
                -2.6469779601696886e-22,
                2.9802322387695312e-08,
                1.0,
                7.450580596923828e-09
            ],
            [
                0.0,
                0.0,
                0.0,
                1.0
            ]
        ]
    },
    "Neck": {
        "location": [
            -3.688863690099348e-16,
            -1.1641532182693481e-10,
            0.0
        ],
        "rotation": [
            5.122641877509563e-06,
            8.236735881965485e-13,
            2.8397181798101394e-12
        ],
        "scale": [
            1.0,
            1.0,
            1.0
        ],
        "head_world": [
            -2.923182169379515e-17,
            -0.0019338063430041075,
            1.0475528240203857
        ],
        "head_world_transformed": [
            -3.9811819070372997e-16,
            -0.0019338064594194293,
            1.0475528240203857
        ],
        "delta_matrix": [
            [
                1.0,
                -6.458239975790092e-14,
                1.348962987753749e-14,
                -1.4026254895776243e-14
            ],
            [
                4.95624320664273e-14,
                1.0,
                -8.940696716308594e-08,
                9.976793080568314e-08
            ],
            [
                -1.4375816075745673e-14,
                8.940696716308594e-08,
                1.0,
                -7.28759914636612e-08
            ],
            [
                0.0,
                0.0,
                0.0,
                1.0
            ]
        ]
    },
    "Head": {
        "location": [
            -3.0661406844479516e-16,
            -1.1175870895385742e-08,
            0.0
        ],
        "rotation": [
            4.695755054383766e-06,
            8.19212677777683e-13,
            -2.0815627301493674e-15
        ],
        "scale": [
            1.0,
            1.0,
            1.0
        ],
        "head_world": [
            8.098781858361694e-15,
            -0.003969722427427769,
            1.0924588441848755
        ],
        "head_world_transformed": [
            7.792167789916898e-15,
            -0.003969733603298664,
            1.0924588441848755
        ],
        "delta_matrix": [
            [
                1.0,
                -1.4174552577148579e-14,
                1.429786702174165e-14,
                -1.5982701951191072e-14
            ],
            [
                -3.63301232279087e-17,
                1.0,
                -8.568167686462402e-08,
                8.43083398649469e-08
            ],
            [
                -1.4297958501299952e-14,
                8.195638656616211e-08,
                1.0,
                4.690553279118603e-09
            ],
            [
                0.0,
                0.0,
                0.0,
                1.0
            ]
        ]
    },
    "LeftEye": {
        "location": [
            0.0,
            -1.862645149230957e-08,
            0.0
        ],
        "rotation": [
            4.695755054383766e-06,
            7.774697903085809e-13,
            1.0558493238649125e-12
        ],
        "scale": [
            1.0,
            1.0,
            1.0
        ],
        "head_world": [
            0.03018915466964245,
            -0.030562588945031166,
            1.1343393325805664
        ],
        "head_world_transformed": [
            0.03018915466964245,
            -0.03056260757148266,
            1.1343393325805664
        ],
        "delta_matrix": [
            [
                1.0,
                -3.2639066145992435e-14,
                1.3569328901610542e-14,
                1.6375095723830668e-13
            ],
            [
                1.8428047106398664e-14,
                1.0,
                -8.568167686462402e-08,
                7.992454698069196e-08
            ],
            [
                -1.3569407675674636e-14,
                8.195638656616211e-08,
                1.0,
                -4.247872720242185e-09
            ],
            [
                0.0,
                0.0,
                0.0,
                1.0
            ]
        ]
    },
    "RightEye": {
        "location": [
            0.0,
            -1.862645149230957e-08,
            0.0
        ],
        "rotation": [
            4.695755054383766e-06,
            7.774707124054276e-13,
            1.0558555358857748e-12
        ],
        "scale": [
            1.0,
            1.0,
            1.0
        ],
        "head_world": [
            -0.03018915466964245,
            -0.030562588945031166,
            1.1343393325805664
        ],
        "head_world_transformed": [
            -0.03018915466964245,
            -0.03056260757148266,
            1.1343393325805664
        ],
        "delta_matrix": [
            [
                1.0,
                -3.263890351566656e-14,
                1.3569330595676436e-14,
                1.1348214035145077e-13
            ],
            [
                1.8428155526615912e-14,
                1.0,
                -8.568167686462402e-08,
                7.99245398752646e-08
            ],
            [
                -1.3569423769300634e-14,
                8.195638656616211e-08,
                1.0,
                -4.2478656148148275e-09
            ],
            [
                0.0,
                0.0,
                0.0,
                1.0
            ]
        ]
    },
    "LeftShoulder": {
        "location": [
            0.0,
            4.6566128730773926e-09,
            0.0
        ],
        "rotation": [
            -3.415094992117375e-06,
            -1.1136898368648901e-05,
            1.5909866298701622e-06
        ],
        "scale": [
            1.0,
            1.0,
            1.0
        ],
        "head_world": [
            0.039076417684555054,
            0.005985343363136053,
            1.0198789834976196
        ],
        "head_world_transformed": [
            0.039076417684555054,
            0.005985348019748926,
            1.0198789834976196
        ],
        "delta_matrix": [
            [
                1.0,
                -2.776793905923114e-08,
                -1.9437554499290854e-07,
                1.990770925885954e-07
            ],
            [
                2.7767955046442694e-08,
                1.0,
                5.960464477539063e-08,
                -5.821696191787851e-08
            ],
            [
                1.9437554499290854e-07,
                -5.960465188081798e-08,
                1.0,
                -6.176680500402654e-09
            ],
            [
                0.0,
                0.0,
                0.0,
                1.0
            ]
        ]
    },
    "LeftUpperArm": {
        "location": [
            0.0,
            -1.3969838619232178e-08,
            0.0
        ],
        "rotation": [
            -3.41508705345289e-06,
            -1.1136899182870899e-05,
            1.7076922240189127e-06
        ],
        "scale": [
            1.0,
            1.0,
            1.0
        ],
        "head_world": [
            0.07583212852478027,
            0.005985363852232695,
            1.0198789834976196
        ],
        "head_world_transformed": [
            0.07583212852478027,
            0.005985349882394075,
            1.0198789834976196
        ],
        "delta_matrix": [
            [
                1.0,
                -2.979927948842942e-08,
                -1.9437554499290854e-07,
                1.976111434487393e-07
            ],
            [
                2.980485191983462e-08,
                1.0,
                5.960468030252741e-08,
                -7.761673259665258e-08
            ],
            [
                1.9437555920376326e-07,
                -5.960451332498451e-08,
                1.0,
                -3.334736931037696e-08
            ],
            [
                0.0,
                0.0,
                0.0,
                1.0
            ]
        ]
    },
    "LeftLowerArm": {
        "location": [
            -2.9802322387695312e-08,
            -9.313225746154785e-09,
            0.0
        ],
        "rotation": [
            -3.413843940016749e-06,
            -1.1127822236032126e-05,
            1.6994246138466041e-06
        ],
        "scale": [
            1.0,
            1.0,
            1.0
        ],
        "head_world": [
            0.2544107139110565,
            0.009455499239265919,
            1.0198792219161987
        ],
        "head_world_transformed": [
            0.25441068410873413,
            0.009455489926040173,
            1.0198792219161987
        ],
        "delta_matrix": [
            [
                1.0,
                -3.388245772839582e-08,
                -1.943008101079613e-07,
                1.1362135410308838e-07
            ],
            [
                2.9660554901056457e-08,
                1.0,
                5.954643711447716e-08,
                -7.665948942303658e-08
            ],
            [
                1.942171365953982e-07,
                -5.9582816902548075e-08,
                1.0,
                -4.04761522077024e-08
            ],
            [
                0.0,
                0.0,
                0.0,
                1.0
            ]
        ]
    },
    "LeftHand": {
        "location": [
            5.960464477539063e-08,
            -4.540197551250458e-09,
            1.1920928955078125e-07
        ],
        "rotation": [
            -3.415095806339373e-06,
            -1.1132408748549421e-05,
            1.3897945113847617e-06
        ],
        "scale": [
            0.9999999403953552,
            1.0,
            1.0
        ],
        "head_world": [
            0.43759533762931824,
            0.0016451120609417558,
            1.019754409790039
        ],
        "head_world_transformed": [
            0.437595397233963,
            0.0016451075207442045,
            1.0197545289993286
        ],
        "delta_matrix": [
            [
                0.9999999403953552,
                -2.4343011162386574e-08,
                -1.942971721291542e-07,
                2.87335524262744e-07
            ],
            [
                2.4256486597096227e-08,
                1.0,
                5.954643711447716e-08,
                -7.797135026521573e-08
            ],
            [
                1.942971579182995e-07,
                -5.96046660916727e-08,
                1.0,
                3.4554869188241355e-08
            ],
            [
                0.0,
                0.0,
                0.0,
                1.0
            ]
        ]
    },
    "LeftThumbProximal": {
        "location": [
            -2.9802322387695312e-08,
            -5.587935447692871e-09,
            -1.1920928955078125e-07
        ],
        "rotation": [
            1.36603799684695e-05,
            -4.268868638368968e-06,
            -7.257076807360546e-06
        ],
        "scale": [
            0.9999998807907104,
            0.9999999403953552,
            0.9999998807907104
        ],
        "head_world": [
            0.45497840642929077,
            -0.014184658415615559,
            1.0123310089111328
        ],
        "head_world_transformed": [
            0.4549783766269684,
            -0.014184664003551006,
            1.0123308897018433
        ],
        "delta_matrix": [
            [
                0.9999998807907104,
                2.8312206268310547e-07,
                -6.705522537231445e-08,
                1.0291114449501038e-07
            ],
            [
                -1.2665987014770508e-07,
                0.9999999403953552,
                -2.1606683731079102e-07,
                2.6565976440906525e-07
            ],
            [
                7.450580596923828e-08,
                2.384185791015625e-07,
                0.9999998807907104,
                -1.912703737616539e-07
            ],
            [
                0.0,
                0.0,
                0.0,
                1.0
            ]
        ]
    },
    "LeftThumbIntermediate": {
        "location": [
            -2.9802322387695312e-08,
            -5.587935447692871e-09,
            -1.1920928955078125e-07
        ],
        "rotation": [
            1.1952831047522314e-05,
            -4.268868231257969e-06,
            -1.1632665930177966e-05
        ],
        "scale": [
            1.0,
            1.0,
            1.0
        ],
        "head_world": [
            0.4709746241569519,
            -0.028924157842993736,
            1.0094561576843262
        ],
        "head_world_transformed": [
            0.4709745943546295,
            -0.028924163430929184,
            1.0094560384750366
        ],
        "delta_matrix": [
            [
                1.0,
                2.1606683731079102e-07,
                -5.21540641784668e-08,
                9.66247171163559e-09
            ],
            [
                -2.0302832126617432e-07,
                1.0,
                -2.0116567611694336e-07,
                2.6298221200704575e-07
            ],
            [
                7.450580596923828e-08,
                2.086162567138672e-07,
                1.0,
                -3.2057869248092175e-07
            ],
            [
                0.0,
                0.0,
                0.0,
                1.0
            ]
        ]
    },
    "LeftThumbDistal": {
        "location": [
            -2.9802322387695312e-08,
            -7.450580596923828e-09,
            -1.1920928955078125e-07
        ],
        "rotation": [
            1.4087266791595297e-05,
            -8.964624099863734e-06,
            -7.470520218923445e-06
        ],
        "scale": [
            0.9999998807907104,
            0.9999999403953552,
            1.0000001192092896
        ],
        "head_world": [
            0.4867604672908783,
            -0.03642312437295914,
            1.0075509548187256
        ],
        "head_world_transformed": [
            0.4867604374885559,
            -0.036423131823539734,
            1.007550835609436
        ],
        "delta_matrix": [
            [
                0.9999998807907104,
                2.551823854446411e-07,
                -6.705522537231445e-08,
                1.4976831153035164e-07
            ],
            [
                -1.30385160446167e-07,
                0.9999999403953552,
                -1.9744038581848145e-07,
                2.200249582529068e-07
            ],
            [
                1.564621925354004e-07,
                2.4586915969848633e-07,
                1.0000001192092896,
                -3.831664798781276e-07
            ],
            [
                0.0,
                0.0,
                0.0,
                1.0
            ]
        ]
    },
    "LeftIndexProximal": {
        "location": [
            -2.9802322387695312e-08,
            0.0,
            -1.1920928955078125e-07
        ],
        "rotation": [
            -3.6685590433483166e-06,
            -9.785048027280624e-06,
            -15.000000417413029
        ],
        "scale": [
            0.9999998211860657,
            0.9999998807907104,
            1.0
        ],
        "head_world": [
            0.4974641501903534,
            -0.016538944095373154,
            1.021525502204895
        ],
        "head_world_transformed": [
            0.497464120388031,
            -0.016538944095373154,
            1.0215253829956055
        ],
        "delta_matrix": [
            [
                0.9659256935119629,
                0.25881898403167725,
                -1.6763806343078613e-07,
                0.02123144268989563
            ],
            [
                -0.25881901383399963,
                0.9659257531166077,
                9.872019290924072e-08,
                0.1281895488500595
            ],
            [
                1.7078127712011337e-07,
                -6.402842700481415e-08,
                1.0,
                -3.85800376534462e-07
            ],
            [
                0.0,
                0.0,
                0.0,
                1.0
            ]
        ]
    },
    "LeftIndexIntermediate": {
        "location": [
            -0.0005751252174377441,
            -0.005672095343470573,
            -1.1920928955078125e-07
        ],
        "rotation": [
            -3.9887245678036635e-06,
            -1.0792234939815049e-05,
            -15.000000417413029
        ],
        "scale": [
            0.9999997615814209,
            0.9999998211860657,
            1.0000001192092896
        ],
        "head_world": [
            0.5192936062812805,
            -0.01588691957294941,
            1.0194547176361084
        ],
        "head_world_transformed": [
            0.5187184810638428,
            -0.021559014916419983,
            1.0194545984268188
        ],
        "delta_matrix": [
            [
                0.9659256339073181,
                0.25881895422935486,
                -1.5273690223693848e-07,
                0.021231506019830704
            ],
            [
                -0.25881901383399963,
                0.9659256935119629,
                5.681067705154419e-08,
                0.1281895637512207
            ],
            [
                1.8835999071598053e-07,
                -6.961636245250702e-08,
                1.0000001192092896,
                -3.511086106300354e-07
            ],
            [
                0.0,
                0.0,
                0.0,
                1.0
            ]
        ]
    },
    "LeftIndexDistal": {
        "location": [
            -0.0009293556213378906,
            -0.009448803961277008,
            -1.1920928955078125e-07
        ],
        "rotation": [
            -3.405090239311363e-06,
            -1.011188406545831e-05,
            -15.00000212496032
        ],
        "scale": [
            0.9999997019767761,
            0.9999998211860657,
            0.9999998211860657
        ],
        "head_world": [
            0.5338141918182373,
            -0.015343870967626572,
            1.0184564590454102
        ],
        "head_world_transformed": [
            0.5328848361968994,
            -0.02479267492890358,
            1.0184563398361206
        ],
        "delta_matrix": [
            [
                0.9659255743026733,
                0.25881898403167725,
                -1.4156103134155273e-07,
                0.021231431514024734
            ],
            [
                -0.25881901383399963,
                0.9659256935119629,
                1.150183379650116e-07,
                0.12818951904773712
            ],
            [
                1.7648562788963318e-07,
                -5.943002179265022e-08,
                0.9999998211860657,
                4.842877388000488e-08
            ],
            [
                0.0,
                0.0,
                0.0,
                1.0
            ]
        ]
    },
    "LeftMiddleProximal": {
        "location": [
            -2.9802322387695312e-08,
            -2.3283064365386963e-09,
            -1.1920928955078125e-07
        ],
        "rotation": [
            -3.9286927940796e-06,
            -1.0922301204514192e-05,
            1.9743517605123105e-06
        ],
        "scale": [
            0.9999999403953552,
            1.0,
            1.0
        ],
        "head_world": [
            0.4972582757472992,
            -0.00470450334250927,
            1.0244816541671753
        ],
        "head_world_transformed": [
            0.4972582459449768,
            -0.004704505670815706,
            1.0244815349578857
        ],
        "delta_matrix": [
            [
                0.9999999403953552,
                -3.585591912269592e-08,
                -1.8719583749771118e-07,
                1.993030309677124e-07
            ],
            [
                3.4458935260772705e-08,
                1.0,
                7.404014468193054e-08,
                -1.019798219203949e-07
            ],
            [
                1.9063008949160576e-07,
                -6.85686245560646e-08,
                1.0,
                -4.079192876815796e-07
            ],
            [
                0.0,
                0.0,
                0.0,
                1.0
            ]
        ]
    },
    "LeftMiddleIntermediate": {
        "location": [
            0.0,
            6.984919309616089e-09,
            -1.1920928955078125e-07
        ],
        "rotation": [
            -3.201651173443477e-06,
            -1.1419224147059065e-05,
            2.2411560249659335e-06
        ],
        "scale": [
            0.9999999403953552,
            1.0,
            0.9999999403953552
        ],
        "head_world": [
            0.522266149520874,
            -0.005147277377545834,
            1.0217870473861694
        ],
        "head_world_transformed": [
            0.522266149520874,
            -0.005147270392626524,
            1.0217869281768799
        ],
        "delta_matrix": [
            [
                0.9999999403953552,
                -2.9336661100387573e-08,
                -1.9406434148550034e-07,
                1.959269866347313e-07
            ],
            [
                3.91155481338501e-08,
                1.0,
                5.9371814131736755e-08,
                -8.149072527885437e-08
            ],
            [
                1.993030309677124e-07,
                -5.587935447692871e-08,
                0.9999999403953552,
                -2.337619662284851e-07
            ],
            [
                0.0,
                0.0,
                0.0,
                1.0
            ]
        ]
    },
    "LeftMiddleDistal": {
        "location": [
            0.0,
            -2.60770320892334e-08,
            -2.384185791015625e-07
        ],
        "rotation": [
            -4.51566258298857e-06,
            -1.0245286197685122e-05,
            2.1477749395181646e-06
        ],
        "scale": [
            0.9999998211860657,
            0.9999998807907104,
            0.9999997615814209
        ],
        "head_world": [
            0.5386951565742493,
            -0.005561443977057934,
            1.020745038986206
        ],
        "head_world_transformed": [
            0.5386951565742493,
            -0.005561470054090023,
            1.020744800567627
        ],
        "delta_matrix": [
            [
                0.9999998211860657,
                -3.3760443329811096e-08,
                -1.878943294286728e-07,
                2.654269337654114e-07
            ],
            [
                3.748573362827301e-08,
                0.9999998807907104,
                8.032657206058502e-08,
                -1.3317912817001343e-07
            ],
            [
                1.7881393432617188e-07,
                -7.881317287683487e-08,
                0.9999997615814209,
                -2.3189932107925415e-07
            ],
            [
                0.0,
                0.0,
                0.0,
                1.0
            ]
        ]
    },
    "LeftRingProximal": {
        "location": [
            -2.9802322387695312e-08,
            -9.313225746154785e-10,
            -1.1920928955078125e-07
        ],
        "rotation": [
            -3.615197783346593e-06,
            -9.831736330894012e-06,
            15.000003832507613
        ],
        "scale": [
            1.0,
            1.0,
            1.0
        ],
        "head_world": [
            0.49523648619651794,
            0.005999037530273199,
            1.022308111190796
        ],
        "head_world_transformed": [
            0.49523645639419556,
            0.0059990365989506245,
            1.0223079919815063
        ],
        "delta_matrix": [
            [
                0.9659258723258972,
                -0.2588191032409668,
                -2.0116567611694336e-07,
                0.018427539616823196
            ],
            [
                0.2588191330432892,
                0.9659258723258972,
                2.9802322387695312e-08,
                -0.12797224521636963
            ],
            [
                1.7159618437290192e-07,
                -6.309710443019867e-08,
                1.0,
                -2.4959444999694824e-07
            ],
            [
                0.0,
                0.0,
                0.0,
                1.0
            ]
        ]
    },
    "LeftRingIntermediate": {
        "location": [
            -0.0006780624389648438,
            0.005829678848385811,
            -1.1920928955078125e-07
        ],
        "rotation": [
            -6.643426999117213e-06,
            -1.0111882437014313e-05,
            15.000003832507613
        ],
        "scale": [
            0.9999998807907104,
            0.9999998807907104,
            0.9999998211860657
        ],
        "head_world": [
            0.5177157521247864,
            0.0056594861671328545,
            1.0191950798034668
        ],
        "head_world_transformed": [
            0.5170376896858215,
            0.011489165015518665,
            1.0191949605941772
        ],
        "delta_matrix": [
            [
                0.9659256935119629,
                -0.258819043636322,
                -2.0302832126617432e-07,
                0.01842772215604782
            ],
            [
                0.2588190734386444,
                0.9659257531166077,
                3.91155481338501e-08,
                -0.12797223031520844
            ],
            [
                1.7648562788963318e-07,
                -1.1594966053962708e-07,
                0.9999998211860657,
                3.91155481338501e-08
            ],
            [
                0.0,
                0.0,
                0.0,
                1.0
            ]
        ]
    },
    "LeftRingDistal": {
        "location": [
            -0.0009346604347229004,
            0.009865088388323784,
            -1.1920928955078125e-07
        ],
        "rotation": [
            -5.7229522867522136e-06,
            -1.0245286197685122e-05,
            15.000005540054905
        ],
        "scale": [
            0.9999997615814209,
            0.9999999403953552,
            0.9999998211860657
        ],
        "head_world": [
            0.5331703424453735,
            0.004615811165422201,
            1.0181440114974976
        ],
        "head_world_transformed": [
            0.5322356820106506,
            0.014480900019407272,
            1.018143892288208
        ],
        "delta_matrix": [
            [
                0.9659255743026733,
                -0.25881901383399963,
                -1.909211277961731e-07,
                0.018427662551403046
            ],
            [
                0.2588190734386444,
                0.9659258127212524,
                6.05359673500061e-09,
                -0.1279723048210144
            ],
            [
                1.7881393432617188e-07,
                -9.988434612751007e-08,
                0.9999998211860657,
                4.377216100692749e-08
            ],
            [
                0.0,
                0.0,
                0.0,
                1.0
            ]
        ]
    },
    "LeftLittleProximal": {
        "location": [
            -2.9802322387695312e-08,
            0.0,
            -1.1920928955078125e-07
        ],
        "rotation": [
            -3.335052898559289e-06,
            -1.1952831047522314e-05,
            25.000003541600535
        ],
        "scale": [
            1.0,
            1.0000001192092896,
            1.0000001192092896
        ],
        "head_world": [
            0.4919273555278778,
            0.01700051873922348,
            1.0177772045135498
        ],
        "head_world_transformed": [
            0.4919273257255554,
            0.01700051873922348,
            1.0177770853042603
        ],
        "delta_matrix": [
            [
                0.9063077569007874,
                -0.42261841893196106,
                -2.1979212760925293e-07,
                0.0532747320830822
            ],
            [
                0.4226183295249939,
                0.9063078165054321,
                3.725290298461914e-08,
                -0.20630475878715515
            ],
            [
                2.086162567138672e-07,
                -5.820766091346741e-08,
                1.0000001192092896,
                -3.725290298461914e-07
            ],
            [
                0.0,
                0.0,
                0.0,
                1.0
            ]
        ]
    },
    "LeftLittleIntermediate": {
        "location": [
            -0.0014136433601379395,
            0.0074365753680467606,
            -1.1920928955078125e-07
        ],
        "rotation": [
            -8.110848825168144e-06,
            -9.391510108767532e-06,
            25.000003541600535
        ],
        "scale": [
            0.9999999403953552,
            1.0000001192092896,
            1.0
        ],
        "head_world": [
            0.5094062685966492,
            0.016470417380332947,
            1.015378475189209
        ],
        "head_world_transformed": [
            0.5079926252365112,
            0.023906992748379707,
            1.0153783559799194
        ],
        "delta_matrix": [
            [
                0.9063076972961426,
                -0.42261841893196106,
                -2.1606683731079102e-07,
                0.053274691104888916
            ],
            [
                0.4226182997226715,
                0.9063078165054321,
                2.2351741790771484e-08,
                -0.2063046395778656
            ],
            [
                1.6391277313232422e-07,
                -1.4156103134155273e-07,
                1.0,
                -1.4156103134155273e-07
            ],
            [
                0.0,
                0.0,
                0.0,
                1.0
            ]
        ]
    },
    "LeftLittleDistal": {
        "location": [
            -0.002211153507232666,
            0.012745579704642296,
            -2.384185791015625e-07
        ],
        "rotation": [
            -9.151386270759272e-06,
            -1.1632671629731956e-05,
            25.000005249147826
        ],
        "scale": [
            0.9999995231628418,
            1.0,
            0.9999999403953552
        ],
        "head_world": [
            0.5217787027359009,
            0.01561451330780983,
            1.01448392868042
        ],
        "head_world_transformed": [
            0.5195675492286682,
            0.028360093012452126,
            1.0144836902618408
        ],
        "delta_matrix": [
            [
                0.9063073396682739,
                -0.42261838912963867,
                -2.2910535335540771e-07,
                0.05327485501766205
            ],
            [
                0.42261815071105957,
                0.9063077569007874,
                -6.216578185558319e-08,
                -0.2063046246767044
            ],
            [
                2.0302832126617432e-07,
                -1.5972182154655457e-07,
                0.9999999403953552,
                -2.9569491744041443e-07
            ],
            [
                0.0,
                0.0,
                0.0,
                1.0
            ]
        ]
    },
    "RightShoulder": {
        "location": [
            0.0,
            4.6566128730773926e-09,
            0.0
        ],
        "rotation": [
            -3.415094992117375e-06,
            1.1136898368648901e-05,
            -1.5909866298701622e-06
        ],
        "scale": [
            1.0,
            1.0,
            1.0
        ],
        "head_world": [
            -0.039076417684555054,
            0.005985343363136053,
            1.0198789834976196
        ],
        "head_world_transformed": [
            -0.039076417684555054,
            0.005985348019748926,
            1.0198789834976196
        ],
        "delta_matrix": [
            [
                1.0,
                2.776793550651746e-08,
                1.9437553078205383e-07,
                -1.990770783777407e-07
            ],
            [
                -2.7767955046442694e-08,
                1.0,
                5.960464477539063e-08,
                -5.821696191787851e-08
            ],
            [
                -1.9437554499290854e-07,
                -5.960465188081798e-08,
                1.0,
                -6.176680500402654e-09
            ],
            [
                0.0,
                0.0,
                0.0,
                1.0
            ]
        ]
    },
    "RightUpperArm": {
        "location": [
            0.0,
            -1.3969838619232178e-08,
            0.0
        ],
        "rotation": [
            -3.41508705345289e-06,
            1.1136899182870899e-05,
            -1.7076922240189127e-06
        ],
        "scale": [
            1.0,
            1.0,
            1.0
        ],
        "head_world": [
            -0.07583212852478027,
            0.005985363852232695,
            1.0198789834976196
        ],
        "head_world_transformed": [
            -0.07583212852478027,
            0.005985349882394075,
            1.0198789834976196
        ],
        "delta_matrix": [
            [
                1.0,
                2.979927948842942e-08,
                1.9437554499290854e-07,
                -1.976111434487393e-07
            ],
            [
                -2.980485191983462e-08,
                1.0,
                5.960468030252741e-08,
                -7.761673259665258e-08
            ],
            [
                -1.9437555920376326e-07,
                -5.960451332498451e-08,
                1.0,
                -3.334736931037696e-08
            ],
            [
                0.0,
                0.0,
                0.0,
                1.0
            ]
        ]
    },
    "RightLowerArm": {
        "location": [
            2.9802322387695312e-08,
            -9.313225746154785e-09,
            0.0
        ],
        "rotation": [
            -3.4140523808483536e-06,
            1.1127926456447929e-05,
            -1.6994197285146134e-06
        ],
        "scale": [
            1.0,
            1.0,
            0.9999999403953552
        ],
        "head_world": [
            -0.2544107139110565,
            0.009455499239265919,
            1.0198792219161987
        ],
        "head_world_transformed": [
            -0.25441068410873413,
            0.009455489926040173,
            1.0198792219161987
        ],
        "delta_matrix": [
            [
                1.0,
                3.388251457181468e-08,
                1.9441722542978823e-07,
                -1.1373776942491531e-07
            ],
            [
                -2.9660469635928166e-08,
                1.0,
                5.943002179265022e-08,
                -7.654307410120964e-08
            ],
            [
                -1.9421895558480173e-07,
                -5.9586454881355166e-08,
                0.9999999403953552,
                7.871767593314871e-08
            ],
            [
                0.0,
                0.0,
                0.0,
                1.0
            ]
        ]
    },
    "RightHand": {
        "location": [
            -8.940696716308594e-08,
            -5.3551048040390015e-09,
            1.1920928955078125e-07
        ],
        "rotation": [
            -3.4184833769639436e-06,
            1.1129177915659554e-05,
            -9.629018869272256e-07
        ],
        "scale": [
            0.9999999403953552,
            1.0,
            0.9999999403953552
        ],
        "head_world": [
            -0.43759533762931824,
            0.0016451120609417558,
            1.019754409790039
        ],
        "head_world_transformed": [
            -0.4375954270362854,
            0.0016451067058369517,
            1.0197545289993286
        ],
        "delta_matrix": [
            [
                0.9999999403953552,
                1.6892501619736322e-08,
                1.9435719877947122e-07,
                -3.1718678883407847e-07
            ],
            [
                -1.6805806524189393e-08,
                1.0,
                5.948912473741075e-08,
                -7.546744029696129e-08
            ],
            [
                -1.9424076924678957e-07,
                -5.96637903527153e-08,
                0.9999999403953552,
                1.5378893181150488e-07
            ],
            [
                0.0,
                0.0,
                0.0,
                1.0
            ]
        ]
    },
    "RightThumbProximal": {
        "location": [
            0.0,
            -6.51925802230835e-09,
