{
    "Hips": {
        "location": [
            8.411291276119379e-16,
            -7.585602701531968e-10,
            -2.673402388353452e-09
        ],
        "rotation": [
            -8.599159738492079e-19,
            -0.0,
            2.244577850611689e-19
        ],
        "scale": [
            1.0,
            1.0,
            1.0
        ],
        "head_world": [
            0.0,
            -0.016409097239375114,
            0.7935215830802917
        ],
        "head_world_transformed": [
            4.440892098500626e-16,
            -0.016409097239375114,
            0.7935215830802917
        ],
        "delta_matrix": [
            [
                1.0,
                3.917527381051139e-21,
                0.0,
                8.411291276119379e-16
            ],
            [
                3.917527381051139e-21,
                1.0,
                -1.5008365034162134e-20,
                -7.585602701531968e-10
            ],
            [
                0.0,
                -1.5008365034162134e-20,
                1.0,
                -2.673402388353452e-09
            ],
            [
                0.0,
                0.0,
                0.0,
                1.0
            ]
        ]
    },
    "Spine": {
        "location": [
            -9.756556456838594e-14,
            2.1533708149945596e-10,
            1.7614053149372921e-07
        ],
        "rotation": [
            -3.8236230811219214e-13,
            -0.0,
            0.0
        ],
        "scale": [
            1.0,
            1.0,
            1.0
        ],
        "head_world": [
            1.420940755941162e-15,
            -0.016409091651439667,
            0.8255142569541931
        ],
        "head_world_transformed": [
            1.865044365351328e-15,
            -0.016409091651439667,
            0.8255143761634827
        ],
        "delta_matrix": [
            [
                1.0,
                0.0,
                9.868950275049304e-17,
                -9.756556456838594e-14
            ],
            [
                0.0,
                1.0,
                -6.673481212082777e-15,
                2.1533708149945596e-10
            ],
            [
                0.0,
                -6.673481212082777e-15,
                1.0,
                1.7614053149372921e-07
            ],
            [
                0.0,
                0.0,
                0.0,
                1.0
            ]
        ]
    },
    "Chest": {
        "location": [
            1.1865996466658979e-14,
            1.3038529367292995e-08,
            1.1175867342672063e-08
        ],
        "rotation": [
            -7.712845102549028e-13,
            5.088887490341627e-13,
            1.6220828875463935e-12
        ],
        "scale": [
            1.0,
            1.0,
            1.0
        ],
        "head_world": [
            -1.8350513437351973e-13,
            -0.016409076750278473,
            0.916109561920166
        ],
        "head_world_transformed": [
            -1.808687206082682e-13,
            -0.01640905626118183,
            0.916109561920166
        ],
        "delta_matrix": [
            [
                1.0,
                3.26405569239796e-14,
                -4.440892098500626e-15,
                1.1865996466658979e-14
            ],
            [
                2.8310687127941492e-14,
                1.0,
                -1.3461454173580023e-14,
                1.3038529367292995e-08
            ],
            [
                -8.881784197001252e-15,
                -1.3461454173580023e-14,
                1.0,
                1.1175867342672063e-08
            ],
            [
                0.0,
                0.0,
                0.0,
                1.0
            ]
        ]
    },
    "Neck": {
        "location": [
            4.884981308350689e-15,
            1.6763804566721774e-08,
            -1.210719347000122e-07
        ],
        "rotation": [
            -4.2688682312579694e-07,
            6.615553737444115e-13,
            -1.8574439339746936e-12
        ],
        "scale": [
            1.0,
            0.9999998807907104,
            0.9999998807907104
        ],
        "head_world": [
            2.2393702447942587e-09,
            0.016962269321084023,
            1.0918920040130615
        ],
        "head_world_transformed": [
            2.270398091752668e-09,
            0.016962269321084023,
            1.091891884803772
        ],
        "delta_matrix": [
            [
                1.0,
                7.105427357601002e-15,
                -1.3988810110276972e-14,
                4.884981308350689e-15
            ],
            [
                -3.241851231905457e-14,
                0.9999998807907104,
                -7.450580152834618e-09,
                1.6763804566721774e-08
            ],
            [
                -1.1546319456101628e-14,
                -7.450580152834618e-09,
                0.9999998807907104,
                -1.210719347000122e-07
            ],
            [
                0.0,
                0.0,
                0.0,
                1.0
            ]
        ]
    },
    "Head": {
        "location": [
            -2.1094237467877974e-15,
            8.3995310706797e-15,
            9.874929673969746e-08
        ],
        "rotation": [
            -4.802480831275208e-07,
            6.869998111961196e-13,
            3.1932769001893708e-12
        ],
        "scale": [
            1.0,
            1.0000001192092896,
            1.0
        ],
        "head_world": [
            5.487434395767821e-10,
            0.01236230880022049,
            1.1323250532150269
        ],
        "head_world_transformed": [
            5.797745616931138e-10,
            0.01236230880022049,
            1.1323250532150269
        ],
        "delta_matrix": [
            [
                1.0,
                2.525757381022231e-14,
                -5.773159728050814e-15,
                -2.1094237467877974e-15
            ],
            [
                5.573319583618286e-14,
                1.0000001192092896,
                -6.519266015914127e-09,
                8.3995310706797e-15
            ],
            [
                -1.199040866595169e-14,
                -8.381911165145084e-09,
                1.0,
                9.874929673969746e-08
            ],
            [
                0.0,
                0.0,
                0.0,
                1.0
            ]
        ]
    },
    "LeftEye": {
        "location": [
            1.669583760133264e-08,
            -1.842120056494423e-08,
            -1.8980269942403538e-06
        ],
        "rotation": [
            -2.640943504428163e-06,
            2.3540080336181852e-12,
            -2.2737884810116478e-11
        ],
        "scale": [
            1.0,
            0.9999998807907104,
            0.9999998807907104
        ],
        "head_world": [
            0.034135956317186356,
            -0.02727578394114971,
            1.186001181602478
        ],
        "head_world_transformed": [
            0.03413597121834755,
            -0.027275756001472473,
            1.1859991550445557
        ],
        "delta_matrix": [
            [
                1.0,
                2.806938709243312e-13,
                1.1012024625500771e-14,
                1.669583760133264e-08
            ],
            [
                -3.968509548757382e-13,
                0.9999998807907104,
                3.212339194647029e-08,
                -1.842120056494423e-08
            ],
            [
                -4.10851908050347e-14,
                -4.6093152406001536e-08,
                0.9999998807907104,
                -1.8980269942403538e-06
            ],
            [
                0.0,
                0.0,
                0.0,
                1.0
            ]
        ]
    },
    "RightEye": {
        "location": [
            1.290283169197437e-08,
            -1.9805248996362934e-08,
            -1.8939687151942053e-06
        ],
        "rotation": [
            -2.6409412653176675e-06,
            9.482028644113108e-13,
            1.1864562277530671e-11
        ],
        "scale": [
            1.0,
            0.9999998807907104,
            0.9999998807907104
        ],
        "head_world": [
            -0.034135956317186356,
            -0.027275776490569115,
            1.186001181602478
        ],
        "head_world_transformed": [
            -0.03413594514131546,
            -0.027275746688246727,
            1.1859992742538452
        ],
        "delta_matrix": [
            [
                1.0,
                4.279215870539588e-14,
                4.29101199017623e-14,
                1.290283169197437e-08
            ],
            [
                2.0707567605082744e-13,
                0.9999998807907104,
                3.212343102632076e-08,
                -1.9805248996362934e-08
            ],
            [
                -1.654926196081874e-14,
                -4.609311332615107e-08,
                0.9999998807907104,
                -1.8939687151942053e-06
            ],
            [
                0.0,
                0.0,
                0.0,
                1.0
            ]
        ]
    },
    "LeftShoulder": {
        "location": [
            6.364002658187928e-09,
            3.6460718888520205e-08,
            5.158186766607287e-08
        ],
        "rotation": [
            1.7075472925031877e-06,
            4.579998741307465e-13,
            1.2722218725854068e-12
        ],
        "scale": [
            1.0,
            1.0,
            1.0
        ],
        "head_world": [
            0.04441794380545616,
            0.01797555387020111,
            1.0611237287521362
        ],
        "head_world_transformed": [
            0.04441795125603676,
            0.017975546419620514,
            1.0611237287521362
        ],
        "delta_matrix": [
            [
                1.0,
                2.220446049250313e-14,
                -8.881784197001252e-15,
                6.364002658187928e-09
            ],
            [
                2.220446049250313e-14,
                1.0,
                3.3306690738754696e-16,
                3.6460718888520205e-08
            ],
            [
                -7.993605777301127e-15,
                2.9802322387695312e-08,
                1.0,
                5.158186766607287e-08
            ],
            [
                0.0,
                0.0,
                0.0,
                1.0
            ]
        ]
    },
    "LeftUpperArm": {
        "location": [
            -2.582964953035116e-10,
            -9.33323462959379e-09,
            -2.132766354634441e-07
        ],
        "rotation": [
            -7.418644765141913e-13,
            -5.316795354139419e-11,
            1.563306634602283e-09
        ],
        "scale": [
            0.9999998211860657,
            0.9999999403953552,
            0.9999999403953552
        ],
        "head_world": [
            0.08102093636989594,
            0.017975473776459694,
            1.0611233711242676
        ],
        "head_world_transformed": [
            0.08102092891931534,
            0.0179754626005888,
            1.061123251914978
        ],
        "delta_matrix": [
            [
                0.9999998211860657,
                -5.184119800105691e-11,
                -9.096723374568683e-12,
                -2.582964953035116e-10
            ],
            [
                2.7284841053187847e-11,
                0.9999999403953552,
                -1.4903200451499288e-08,
                -9.33323462959379e-09
            ],
            [
                9.279556290042734e-13,
                -1.2947976024690888e-14,
                0.9999999403953552,
                -2.132766354634441e-07
            ],
            [
                0.0,
                0.0,
                0.0,
                1.0
            ]
        ]
    },
    "LeftLowerArm": {
        "location": [
            -3.864988684654236e-08,
            -3.958120942115784e-09,
            -8.074407276126294e-08
        ],
        "rotation": [
            -4.286620306379277e-07,
            7.620368089769465e-09,
            -1.1630999675747004e-07
        ],
        "scale": [
            0.9999999403953552,
            0.9999998807907104,
            0.9999998807907104
        ],
        "head_world": [
            0.281559020280838,
            0.01791956275701523,
            1.0611236095428467
        ],
        "head_world_transformed": [
            0.2815589904785156,
            0.01791956275701523,
            1.0611234903335571
        ],
        "delta_matrix": [
            [
                0.9999999403953552,
                -5.529727786779404e-10,
                1.155679996145409e-10,
                -3.864988684654236e-08
            ],
            [
                -2.029992174357176e-09,
                0.9999998807907104,
                -1.2636566792956216e-10,
                -3.958120942115784e-09
            ],
            [
                -1.3300049950260018e-10,
                -7.481562924738228e-09,
                0.9999998807907104,
                -8.074407276126294e-08
            ],
            [
                0.0,
                0.0,
                0.0,
                1.0
            ]
        ]
    },
    "LeftHand": {
        "location": [
            4.8923538997769356e-08,
            2.9569491744041443e-08,
            2.654012689617957e-07
        ],
        "rotation": [
            -1.0675301261728982e-06,
            -4.623493224145813e-09,
            -1.1558045384685467e-07
        ],
        "scale": [
            0.9999998807907104,
            1.0,
            0.9999998807907104
        ],
        "head_world": [
            0.48404741287231445,
            0.015205789357423782,
            1.0611233711242676
        ],
        "head_world_transformed": [
            0.48404741287231445,
            0.015205800533294678,
            1.0611233711242676
        ],
        "delta_matrix": [
            [
                0.9999998807907104,
                -1.9044819055125117e-09,
                5.809708270021474e-11,
                4.8923538997769356e-08
            ],
            [
                -2.017259248532355e-09,
                1.0,
                -7.4138348793439945e-09,
                2.9569491744041443e-08
            ],
            [
                8.069517276609872e-11,
                -1.8631915565947565e-08,
                0.9999998807907104,
                2.654012689617957e-07
            ],
            [
                0.0,
                0.0,
                0.0,
                1.0
            ]
        ]
    },
    "LeftThumbProximal": {
        "location": [
            1.4901161193847656e-08,
            -1.30385160446167e-08,
            0.0
        ],
        "rotation": [
            0.0,
            -8.53773544473844e-07,
            -3.201650766332478e-06
        ],
        "scale": [
            1.0000001192092896,
            1.000000238418579,
            1.0
        ],
        "head_world": [
            0.49797770380973816,
            -0.008272242732346058,
            1.0525583028793335
        ],
        "head_world_transformed": [
            0.49797773361206055,
            -0.008272288367152214,
            1.0525583028793335
        ],
        "delta_matrix": [
            [
                1.0000001192092896,
                1.1175870895385742e-08,
                -2.60770320892334e-08,
                1.4901161193847656e-08
            ],
            [
                -5.587935447692871e-08,
                1.000000238418579,
                -7.450580596923828e-09,
                -1.30385160446167e-08
            ],
            [
                1.4901161193847656e-08,
                0.0,
                1.0,
                0.0
            ],
            [
                0.0,
                0.0,
                0.0,
                1.0
            ]
        ]
    },
    "LeftThumbIntermediate": {
        "location": [
            1.4901161193847656e-07,
            2.2351741790771484e-07,
            1.1175870895385742e-07
        ],
        "rotation": [
            -5.122643098842561e-06,
            4.2688692490354677e-07,
            -4.695756275716764e-06
        ],
        "scale": [
            0.9999997615814209,
            0.9999998211860657,
            0.9999997615814209
        ],
        "head_world": [
            0.5181581377983093,
            -0.021661829203367233,
            1.0490915775299072
        ],
        "head_world_transformed": [
            0.5181581377983093,
            -0.02166173607110977,
            1.0490914583206177
        ],
        "delta_matrix": [
            [
                0.9999997615814209,
                -6.51925802230835e-08,
                -7.450580596923828e-09,
                1.4901161193847656e-07
            ],
            [
                -8.195638656616211e-08,
                0.9999998211860657,
                -4.470348358154297e-08,
                2.2351741790771484e-07
            ],
            [
                -7.450580596923828e-09,
                -8.940696716308594e-08,
                0.9999997615814209,
                1.1175870895385742e-07
            ],
            [
                0.0,
                0.0,
                0.0,
                1.0
            ]
        ]
    },
    "LeftThumbDistal": {
        "location": [
            1.2665987014770508e-07,
            5.21540641784668e-08,
            1.1362135410308838e-07
        ],
        "rotation": [
            -2.98820694765858e-06,
            1.4941038809402893e-06,
            -2.241155821410434e-06
        ],
        "scale": [
            1.0,
            1.000000238418579,
            0.9999998807907104
        ],
        "head_world": [
            0.5367420315742493,
            -0.0301542729139328,
            1.0443904399871826
        ],
        "head_world_transformed": [
            0.536742091178894,
            -0.030154302716255188,
            1.0443904399871826
        ],
        "delta_matrix": [
            [
                1.0,
                -3.3527612686157227e-08,
                -5.587935447692871e-08,
                1.2665987014770508e-07
            ],
            [
                -3.91155481338501e-08,
                1.000000238418579,
                -1.4901161193847656e-08,
                5.21540641784668e-08
            ],
            [
                -2.60770320892334e-08,
                -5.21540641784668e-08,
                0.9999998807907104,
                1.1362135410308838e-07
            ],
            [
                0.0,
                0.0,
                0.0,
                1.0
            ]
        ]
    },
    "LeftIndexProximal": {
        "location": [
            0.020300226286053658,
            0.14121325314044952,
            -2.1420419216156006e-07
        ],
        "rotation": [
            -3.29336513934941e-08,
            1.6175005988057154e-07,
            -15.00000212496032
        ],
        "scale": [
            1.0000001192092896,
            1.0,
            1.0000001192092896
        ],
        "head_world": [
            0.5464605689048767,
            -0.00649177934974432,
            1.0592666864395142
        ],
        "head_world_transformed": [
            0.5464605093002319,
            -0.00649179145693779,
            1.0592666864395142
        ],
        "delta_matrix": [
            [
                0.9659259915351868,
                0.258819043636322,
                -2.7939677238464355e-09,
                0.020300226286053658
            ],
            [
                -0.2588191330432892,
                0.9659258723258972,
                -1.280568540096283e-08,
                0.14121325314044952
            ],
            [
                -2.8230715543031693e-09,
                -5.748006515204906e-10,
                1.0000001192092896,
                -2.1420419216156006e-07
            ],
            [
                0.0,
                0.0,
                0.0,
                1.0
            ]
        ]
    },
    "LeftIndexIntermediate": {
        "location": [
            0.02030033990740776,
            0.14121320843696594,
            2.3748725652694702e-07
        ],
        "rotation": [
            -5.402786355185868e-07,
            3.4684554378971004e-07,
            -15.000000417413029
        ],
        "scale": [
            1.0,
            1.0,
            1.0
        ],
        "head_world": [
            0.5715291500091553,
            -0.006318257190287113,
            1.0596535205841064
        ],
        "head_world_transformed": [
            0.570719838142395,
            -0.012812408618628979,
            1.059653639793396
        ],
        "delta_matrix": [
            [
                0.9659258723258972,
                0.258819043636322,
                7.450580596923828e-09,
                0.02030033990740776
            ],
            [
                -0.2588190734386444,
                0.9659258723258972,
                1.862645149230957e-09,
                0.14121320843696594
            ],
            [
                -6.05359673500061e-09,
                -9.42964106798172e-09,
                1.0,
                2.3748725652694702e-07
            ],
            [
                0.0,
                0.0,
                0.0,
                1.0
            ]
        ]
    },
    "LeftIndexDistal": {
        "location": [
            0.020300380885601044,
            0.14121323823928833,
            5.774199962615967e-08
        ],
        "rotation": [
            -8.004129205830565e-08,
            -1.0672171850366796e-07,
            -15.00000212496032
        ],
        "scale": [
            0.9999999403953552,
            0.9999998807907104,
            0.9999999403953552
        ],
        "head_world": [
            0.5880183577537537,
            -0.0059826429933309555,
            1.0590964555740356
        ],
        "head_world_transformed": [
            0.5867340564727783,
            -0.01675591804087162,
            1.0590964555740356
        ],
        "delta_matrix": [
            [
                0.9659257531166077,
                0.25881901383399963,
                -2.2351741790771484e-08,
                0.020300380885601044
            ],
            [
                -0.2588190734386444,
                0.9659257531166077,
                -9.313225746154785e-10,
                0.14121323823928833
            ],
            [
                1.862645149230957e-09,
                -1.3969838619232178e-09,
                0.9999999403953552,
                5.774199962615967e-08
            ],
            [
                0.0,
                0.0,
                0.0,
                1.0
            ]
        ]
    },
    "LeftMiddleProximal": {
        "location": [
            0.0014263796620070934,
            0.04787931963801384,
            -3.8230791687965393e-07
        ],
        "rotation": [
            1.6575214929181334e-06,
            5.236032672124855e-07,
            -4.99999985454646
        ],
        "scale": [
            1.0000001192092896,
            1.0,
            1.000000238418579
        ],
        "head_world": [
            0.5490220189094543,
            0.007604490499943495,
            1.0591416358947754
        ],
        "head_world_transformed": [
            0.5490220189094543,
            0.007604478392750025,
            1.0591416358947754
        ],
        "delta_matrix": [
            [
                0.9961948990821838,
                0.08715573698282242,
                6.51925802230835e-09,
                0.0014263796620070934
            ],
            [
                -0.08715575188398361,
                0.9961947202682495,
                1.5832483768463135e-08,
                0.04787931963801384
            ],
            [
                -9.138602763414383e-09,
                2.89292074739933e-08,
                1.000000238418579,
                -3.8230791687965393e-07
            ],
            [
                0.0,
                0.0,
                0.0,
                1.0
            ]
        ]
    },
    "LeftMiddleIntermediate": {
        "location": [
            0.0014263982884585857,
            0.04787937179207802,
            0.0
        ],
        "rotation": [
            -4.3480757472676385e-07,
            7.030709250016177e-07,
            -4.999999427659637
        ],
        "scale": [
            1.0,
            1.0,
            0.9999997615814209
        ],
        "head_world": [
            0.5763066411018372,
            0.007507917005568743,
            1.0599431991577148
        ],
        "head_world_transformed": [
            0.5761944055557251,
            0.0051302798092365265,
            1.0599430799484253
        ],
        "delta_matrix": [
            [
                0.9961947202682495,
                0.08715574443340302,
                -7.450580596923828e-09,
                0.0014263982884585857
            ],
            [
                -0.08715573698282242,
                0.9961947798728943,
                -1.280568540096283e-08,
                0.04787937179207802
            ],
            [
                -1.2270902516320348e-08,
                -7.588823791593313e-09,
                0.9999997615814209,
                0.0
            ],
            [
                0.0,
                0.0,
                0.0,
                1.0
            ]
        ]
    },
    "LeftMiddleDistal": {
        "location": [
            0.001426265574991703,
            0.04787936061620712,
            -2.0815059542655945e-07
        ],
        "rotation": [
            1.6675266528351442e-06,
            -6.169848106601285e-07,
            -4.999999000772815
        ],
        "scale": [
            1.0,
            1.0,
            1.0000001192092896
        ],
        "head_world": [
            0.5925006866455078,
            0.007451402023434639,
            1.0593857765197754
        ],
        "head_world_transformed": [
            0.5923218131065369,
            0.0036625678185373545,
            1.0593857765197754
        ],
        "delta_matrix": [
            [
                0.9961947798728943,
                0.08715575188398361,
                6.51925802230835e-09,
                0.001426265574991703
            ],
            [
                -0.08715572953224182,
                0.9961947202682495,
                -6.984919309616089e-09,
                0.04787936061620712
            ],
            [
                1.076841726899147e-08,
                2.9103830456733704e-08,
                1.0000001192092896,
                -2.0815059542655945e-07
            ],
            [
                0.0,
                0.0,
                0.0,
                1.0
            ]
        ]
    },
    "LeftRingProximal": {
        "location": [
            0.0037983572110533714,
            -0.04738961160182953,
            4.7497451305389404e-08
        ],
        "rotation": [
            -7.370468823308836e-07,
            1.3340214494903026e-07,
            4.999998146999168
        ],
        "scale": [
            0.9999998211860657,
            0.9999999403953552,
            0.9999998211860657
        ],
        "head_world": [
            0.5446001291275024,
            0.019802656024694443,
            1.0566000938415527
        ],
        "head_world_transformed": [
            0.5446001291275024,
            0.019802657887339592,
            1.0565999746322632
        ],
        "delta_matrix": [
            [
                0.9961945414543152,
                -0.08715569227933884,
                1.3969838619232178e-09,
                0.0037983572110533714
            ],
            [
                0.08715569227933884,
                0.9961946606636047,
                -2.0605511963367462e-08,
                -0.04738961160182953
            ],
            [
                -2.3283064365386963e-09,
                -1.2863893061876297e-08,
                0.9999998211860657,
                4.7497451305389404e-08
            ],
            [
                0.0,
                0.0,
                0.0,
                1.0
            ]
        ]
    },
    "LeftRingIntermediate": {
        "location": [
            0.003798362798988819,
            -0.04738966375589371,
            2.1094456315040588e-07
        ],
        "rotation": [
            2.417914155499708e-07,
            -2.334537791052404e-08,
            4.999999427659637
        ],
        "scale": [
            0.9999997019767761,
            0.9999998211860657,
            0.9999998211860657
        ],
        "head_world": [
            0.5678402185440063,
            0.020577555522322655,
            1.0567082166671753
        ],
        "head_world_transformed": [
            0.5676841735839844,
            0.02260010503232479,
            1.0567082166671753
        ],
        "delta_matrix": [
            [
                0.9961944222450256,
                -0.08715571463108063,
                4.6566128730773926e-09,
                0.003798362798988819
            ],
            [
                0.08715570718050003,
                0.9961945414543152,
                -1.979060471057892e-08,
                -0.04738966375589371
            ],
            [
                4.0745362639427185e-10,
                4.220055416226387e-09,
                0.9999998211860657,
                2.1094456315040588e-07
            ],
            [
                0.0,
                0.0,
                0.0,
                1.0
            ]
        ]
    },
    "LeftRingDistal": {
        "location": [
            0.003798323217779398,
            -0.0473896749317646,
            -2.0954757928848267e-07
        ],
        "rotation": [
            6.403302346886954e-07,
            5.33608630684996e-07,
            5.000000708320107
        ],
        "scale": [
            0.9999997615814209,
            1.0,
            0.9999998211860657
        ],
        "head_world": [
            0.5834442973136902,
            0.020664269104599953,
            1.0560648441314697
        ],
        "head_world_transformed": [
            0.5832213759422302,
            0.02404646947979927,
            1.0560646057128906
        ],
        "delta_matrix": [
            [
                0.9961944818496704,
                -0.08715575188398361,
                5.587935447692871e-09,
                0.003798323217779398
            ],
            [
                0.08715573698282242,
                0.9961947798728943,
                -2.561137080192566e-08,
                -0.0473896749317646
            ],
            [
                -9.313225746154785e-09,
                1.1175870895385742e-08,
                0.9999998211860657,
                -2.0954757928848267e-07
            ],
            [
                0.0,
                0.0,
                0.0,
                1.0
            ]
        ]
    },
    "LeftLittleProximal": {
        "location": [
            0.026619860902428627,
            -0.13840408623218536,
            -9.359791874885559e-08
        ],
        "rotation": [
            -7.804023717490977e-07,
            3.0682495501054145e-07,
            15.00000212496032
        ],
        "scale": [
            0.9999998211860657,
            1.0000001192092896,
            0.9999998807907104
        ],
        "head_world": [
            0.5389517545700073,
            0.031896382570266724,
            1.0524564981460571
        ],
        "head_world_transformed": [
            0.5389517545700073,
            0.03189639374613762,
            1.0524563789367676
        ],
        "delta_matrix": [
            [
                0.9659256935119629,
                -0.25881901383399963,
                -3.725290298461914e-09,
                0.026619860902428627
            ],
            [
                0.258819043636322,
                0.965925931930542,
                -2.60770320892334e-08,
                -0.13840408623218536
            ],
            [
                -5.3551048040390015e-09,
                -1.3620592653751373e-08,
                0.9999998807907104,
                -9.359791874885559e-08
            ],
            [
                0.0,
                0.0,
                0.0,
                1.0
            ]
        ]
    },
    "LeftLittleIntermediate": {
        "location": [
            0.026619646698236465,
            -0.1384042203426361,
            -2.0791776478290558e-07
        ],
        "rotation": [
            -1.4507479844110758e-06,
            -3.4684554378971004e-07,
            15.000003832507613
        ],
        "scale": [
            1.0,
            1.0000001192092896,
            1.0
        ],
        "head_world": [
            0.5577707886695862,
            0.03240993618965149,
            1.053505301475525
        ],
        "head_world_transformed": [
            0.5569966435432434,
            0.03726312890648842,
            1.0535051822662354
        ],
        "delta_matrix": [
            [
                0.9659258127212524,
                -0.258819043636322,
                1.6298145055770874e-09,
                0.026619646698236465
            ],
            [
                0.2588191032409668,
                0.9659259915351868,
                -2.0023435354232788e-08,
                -0.1384042203426361
            ],
            [
                6.05359673500061e-09,
                -2.5320332497358322e-08,
                1.0,
                -2.0791776478290558e-07
            ],
            [
                0.0,
                0.0,
                0.0,
                1.0
            ]
        ]
    },
    "LeftLittleDistal": {
        "location": [
            0.02661972865462303,
            -0.13840417563915253,
            -2.8862268663942814e-07
        ],
        "rotation": [
            -1.3073408958227531e-06,
            5.336084652961525e-08,
            15.00000212496032
        ],
        "scale": [
            1.0000001192092896,
            1.0,
            1.0
        ],
        "head_world": [
            0.5709692239761353,
            0.032004307955503464,
            1.05319082736969
        ],
        "head_world_transformed": [
            0.5698503851890564,
            0.04028736799955368,
            1.0531907081604004
        ],
        "delta_matrix": [
            [
                0.965925931930542,
                -0.258819043636322,
                -7.450580596923828e-09,
                0.02661972865462303
            ],
            [
                0.2588191032409668,
                0.9659258723258972,
                -2.0489096641540527e-08,
                -0.13840417563915253
            ],
            [
                -9.313225746154785e-10,
                -2.2817403078079224e-08,
                1.0,
                -2.8862268663942814e-07
            ],
            [
                0.0,
                0.0,
                0.0,
                1.0
            ]
        ]
    },
    "RightShoulder": {
        "location": [
            -1.3880785409980945e-09,
            4.527552022182135e-08,
            -7.986900030232391e-09
        ],
        "rotation": [
            -1.7075472925031877e-06,
            4.325554366790383e-13,
            1.3867218411180933e-12
        ],
        "scale": [
            1.0,
            1.0,
            1.0
        ],
        "head_world": [
            -0.04441794380545616,
            0.017975537106394768,
            1.0611236095428467
        ],
        "head_world_transformed": [
            -0.04441794008016586,
            0.0179755836725235,
            1.0611236095428467
        ],
        "delta_matrix": [
            [
                1.0,
                1.709743457922741e-14,
                -2.220446049250313e-15,
                -1.3880785409980945e-09
            ],
            [
                2.4202861936828413e-14,
                1.0,
                2.9802322387695312e-08,
                4.527552022182135e-08
            ],
            [
                -7.549516567451064e-15,
                -2.9802322387695312e-08,
                1.0,
                -7.986900030232391e-09
            ],
            [
                0.0,
                0.0,
                0.0,
                1.0
            ]
        ]
    },
    "RightUpperArm": {
        "location": [
            6.451955414377153e-09,
            -3.1104718800634146e-08,
            -1.1735018290437438e-07
        ],
        "rotation": [
            -6.989269883144337e-13,
            2.114035182901763e-10,
            -2.722758362832384e-09
        ],
        "scale": [
            1.0,
            0.9999999403953552,
            0.9999999403953552
        ],
        "head_world": [
            -0.08102092146873474,
            0.017975537106394768,
            1.0611236095428467
        ],
        "head_world_transformed": [
            -0.08102091401815414,
            0.017975520342588425,
            1.0611234903335571
        ],
        "delta_matrix": [
            [
                1.0,
                6.934897101018578e-11,
                -7.275943736395618e-12,
                6.451955414377153e-09
            ],
            [
                -4.75210981676355e-11,
                0.9999999403953552,
                -1.0658141036401503e-14,
                -3.1104718800634146e-08
            ],
            [
                -3.68968744446363e-12,
                -1.2198575483068907e-14,
                0.9999999403953552,
                -1.1735018290437438e-07
            ],
            [
                0.0,
                0.0,
                0.0,
                1.0
            ]
        ]
    },
    "RightLowerArm": {
        "location": [
            7.473863661289215e-08,
            2.0954757928848267e-09,
            1.2397311621725748e-08
        ],
        "rotation": [
            8.520234251770407e-07,
            3.861053438890725e-09,
            9.671654586443837e-08
        ],
        "scale": [
            1.0,
            1.0,
            1.0
        ],
        "head_world": [
            -0.28155896067619324,
            0.017919553443789482,
            1.0611236095428467
        ],
        "head_world_transformed": [
            -0.2815588712692261,
            0.017919549718499184,
            1.0611236095428467
        ],
        "delta_matrix": [
            [
                1.0,
                -1.0913936421275139e-09,
                1.166351459858106e-10,
                7.473863661289215e-08
            ],
            [
                1.6880221664905548e-09,
                1.0,
                -7.483341946112887e-09,
                2.0954757928848267e-09
            ],
            [
                -6.738809510409283e-11,
                1.487061407345891e-08,
                1.0,
                1.2397311621725748e-08
            ],
            [
                0.0,
                0.0,
                0.0,
                1.0
            ]
        ]
    },
    "RightHand": {
        "location": [
            -1.1816155165433884e-08,
            2.561137080192566e-08,
            1.3438138068977423e-07
        ],
        "rotation": [
            2.1325060633810814e-07,
            9.625516983151325e-09,
            1.2454340960584355e-07
        ],
        "scale": [
            0.9999998807907104,
            1.0000001192092896,
            0.9999999403953552
        ],
        "head_world": [
            -0.4840473532676697,
            0.015205801464617252,
            1.0611237287521362
        ],
        "head_world_transformed": [
            -0.4840472936630249,
            0.015205809846520424,
