{
    "Hips": {
        "location": [
            0.0,
            0.0,
            0.0
        ],
        "rotation": [
            8.492997272584769e-20,
            -3.682586070280356e-18,
            0.0
        ],
        "scale": [
            1.0,
            1.0,
            1.0
        ],
        "head_world": [
            -3.583368139974813e-14,
            4.458930646933368e-08,
            0.9037657976150513
        ],
        "head_world_transformed": [
            -3.583368139974813e-14,
            4.458930646933368e-08,
            0.9037657976150513
        ],
        "delta_matrix": [
            [
                1.0,
                0.0,
                6.31034505072596e-20,
                -3.0660006593138586e-16
            ],
            [
                0.0,
                1.0,
                1.4823076576950256e-21,
                -3.552713678800501e-14
            ],
            [
                6.427325191447151e-20,
                1.4823076576950256e-21,
                1.0,
                -2.792099884629806e-12
            ],
            [
                0.0,
                0.0,
                0.0,
                1.0
            ]
        ]
    },
    "LeftUpperLeg": {
        "location": [
            0.0,
            0.0,
            0.0
        ],
        "rotation": [
            1.067201345874366e-07,
            1.4248884972956555e-12,
            1.5273023580387806e-11
        ],
        "scale": [
            1.0,
            0.9999995231628418,
            0.999999463558197
        ],
        "head_world": [
            0.05982442572712898,
            6.18072988345375e-08,
            0.8738722205162048
        ],
        "head_world_transformed": [
            0.05982442572712898,
            6.18072988345375e-08,
            0.8738722205162048
        ],
        "delta_matrix": [
            [
                1.0,
                3.8113956435381624e-13,
                -2.842170943040401e-14,
                -2.8675906094122183e-10
            ],
            [
                2.665645482125001e-13,
                0.9999995231628418,
                1.862616838543829e-09,
                -1.808260208235879e-09
            ],
            [
                -2.4868995751603507e-14,
                1.862616838543829e-09,
                0.999999463558197,
                4.5635684386979847e-07
            ],
            [
                0.0,
                0.0,
                0.0,
                1.0
            ]
        ]
    },
    "LeftLowerLeg": {
        "location": [
            0.0,
            -5.587935447692871e-09,
            2.384185791015625e-07
        ],
        "rotation": [
            2.981770256529112e-13,
            3.3077768687220577e-13,
            2.234021608259974e-11
        ],
        "scale": [
            1.0,
            0.9999999403953552,
            0.9999998807907104
        ],
        "head_world": [
            0.05982440337538719,
            0.009771743789315224,
            0.5007084608078003
        ],
        "head_world_transformed": [
            0.05982440337538719,
            0.009771738201379776,
            0.5007086992263794
        ],
        "delta_matrix": [
            [
                1.0,
                3.772537837676282e-13,
                -1.0658141036401503e-14,
                -3.0693982910889872e-09
            ],
            [
                3.89910326248355e-13,
                0.9999999403953552,
                3.725295627532432e-09,
                -8.507419657632909e-09
            ],
            [
                -5.773159728050814e-15,
                5.204170427930421e-15,
                0.9999998807907104,
                2.799809806219855e-07
            ],
            [
                0.0,
                0.0,
                0.0,
                1.0
            ]
        ]
    },
    "LeftFoot": {
        "location": [
            0.0,
            -7.450580596923828e-09,
            2.980232238769531e-07
        ],
        "rotation": [
            2.457933472057004e-06,
            2.668041372314358e-07,
            -4.2688661957029733e-07
        ],
        "scale": [
            1.0000004768371582,
            1.0000003576278687,
            1.000000238418579
        ],
        "head_world": [
            0.0598243847489357,
            0.028246918693184853,
            0.07755604386329651
        ],
        "head_world_transformed": [
            0.0598243847489357,
            0.028246911242604256,
            0.07755634188652039
        ],
        "delta_matrix": [
            [
                1.0000004768371582,
                5.587935447692871e-09,
                -6.752088665962219e-09,
                -2.852175384759903e-08
            ],
            [
                -7.450580596923828e-09,
                1.0000003576278687,
                4.1298335418105125e-08,
                -2.8870999813079834e-08
            ],
            [
                -4.6566128730773926e-09,
                4.289904609322548e-08,
                1.000000238418579,
                2.732704160735011e-07
            ],
            [
                0.0,
                0.0,
                0.0,
                1.0
            ]
        ]
    },
    "LeftToes": {
        "location": [
            7.450580596923828e-09,
            -5.960464477539063e-08,
            2.7194619178771973e-07
        ],
        "rotation": [
            3.620198327750102e-06,
            -1.000515037534682e-08,
            1.8772162974296671e-06
        ],
        "scale": [
            1.0000009536743164,
            1.0000005960464478,
            0.9999998211860657
        ],
        "head_world": [
            0.0693969801068306,
            -0.07977993786334991,
            0.04338182136416435
        ],
        "head_world_transformed": [
            0.0693969875574112,
            -0.07977999746799469,
            0.04338209331035614
        ],
        "delta_matrix": [
            [
                1.0000009536743164,
                1.0933945304714143e-08,
                -2.852175384759903e-09,
                -5.8731529861688614e-08
            ],
            [
                3.276363713666797e-08,
                1.0000005960464478,
                3.934837877750397e-08,
                -2.468004822731018e-08
            ],
            [
                1.7462298274040222e-10,
                6.318441592156887e-08,
                0.9999998211860657,
                2.89132003672421e-07
            ],
            [
                0.0,
                0.0,
                0.0,
                1.0
            ]
        ]
    },
    "Spine": {
        "location": [
            1.7763568394002505e-15,
            0.0,
            0.0
        ],
        "rotation": [
            2.561322974309778e-06,
            -3.4540823840693794e-12,
            -3.053332494204976e-13
        ],
        "scale": [
            1.0,
            0.9999992251396179,
            0.9999991059303284
        ],
        "head_world": [
            -1.5426321553491107e-08,
            2.5825258376244165e-07,
            0.9588717818260193
        ],
        "head_world_transformed": [
            -1.5426319777134267e-08,
            2.5825258376244165e-07,
            0.9588717818260193
        ],
        "delta_matrix": [
            [
                1.0,
                -6.8833827526759706e-15,
                7.46902539816574e-14,
                -6.467049118441537e-14
            ],
            [
                -5.329070518200751e-15,
                0.9999992251396179,
                1.4901160305669237e-08,
                -9.968316838637747e-09
            ],
            [
                6.0285110237146e-14,
                4.470348358154297e-08,
                0.9999991059303284,
                8.940696716308594e-07
            ],
            [
                0.0,
                0.0,
                0.0,
                1.0
            ]
        ]
    },
    "Chest": {
        "location": [
            7.105427357601002e-15,
            8.381903171539307e-09,
            -1.1920928955078125e-07
        ],
        "rotation": [
            6.403296240221965e-07,
            4.582386875077689e-12,
            7.633336088653739e-14
        ],
        "scale": [
            0.9999994039535522,
            1.0000009536743164,
            1.0000003576278687
        ],
        "head_world": [
            -2.0759941321557562e-08,
            -0.009006121195852757,
            1.0272809267044067
        ],
        "head_world_transformed": [
            -2.0759934216130205e-08,
            -0.009006112813949585,
            1.0272808074951172
        ],
        "delta_matrix": [
            [
                0.9999994039535522,
                2.220446049250313e-16,
                -7.291389714225716e-14,
                6.934036678174493e-14
            ],
            [
                1.3322676295501878e-15,
                1.0000009536743164,
                -1.862645149230957e-08,
                3.3527612686157227e-08
            ],
            [
                -7.997769113643471e-14,
                1.1175870895385742e-08,
                1.0000003576278687,
                -3.979075700044632e-07
            ],
            [
                0.0,
                0.0,
                0.0,
                1.0
            ]
        ]
    },
    "UpperChest": {
        "location": [
            5.329070518200751e-15,
            8.847564458847046e-09,
            -1.1920928955078125e-07
        ],
        "rotation": [
            1.7075485138361855e-06,
            4.071112418843951e-13,
            7.124446368991316e-12
        ],
        "scale": [
            0.9999994039535522,
            1.0000003576278687,
            0.9999998807907104
        ],
        "head_world": [
            -2.606508964220211e-08,
            -0.005963952746242285,
            1.0969501733779907
        ],
        "head_world_transformed": [
            -2.6065084313131592e-08,
            -0.005963943898677826,
            1.0969500541687012
        ],
        "delta_matrix": [
            [
                0.9999994039535522,
                9.237055564881302e-14,
                -3.907985046680551e-14,
                1.4210854715202004e-14
            ],
            [
                1.2434497875801753e-13,
                1.0000003576278687,
                1.4901193168270765e-08,
                -7.450609018633259e-09
            ],
            [
                -7.105427357601002e-15,
                2.980235436211842e-08,
                0.9999998807907104,
                5.2154042862184724e-08
            ],
            [
                0.0,
                0.0,
                0.0,
                1.0
            ]
        ]
    },
    "Neck": {
        "location": [
            1.7763568394002505e-14,
            2.0489096641540527e-08,
            -1.1920928955078125e-07
        ],
        "rotation": [
            -6.830188762901752e-06,
            8.956441983001262e-12,
            1.485955147179755e-11
        ],
        "scale": [
            1.0,
            0.9999998211860657,
            0.9999998211860657
        ],
        "head_world": [
            -4.9503348975576955e-08,
            0.02424010820686817,
            1.2598007917404175
        ],
        "head_world_transformed": [
            -4.950333121200856e-08,
            0.024240128695964813,
            1.259800672531128
        ],
        "delta_matrix": [
            [
                1.0,
                3.446132268436486e-13,
                7.283063041541027e-14,
                -7.815970093361102e-14
            ],
            [
                2.5934809855243657e-13,
                0.9999998211860657,
                5.960468030252741e-08,
                -2.235178087062195e-08
            ],
            [
                -1.5631940186722204e-13,
                -1.1920925402364446e-07,
                0.9999998211860657,
                1.0803338312825872e-07
            ],
            [
                0.0,
                0.0,
                0.0,
                1.0
            ]
        ]
    },
    "Head": {
        "location": [
            2.1316282072803006e-14,
            3.073364496231079e-08,
            -1.1920928955078125e-07
        ],
        "rotation": [
            -2.561317478311288e-06,
            1.6284441910349726e-12,
            1.1093776281949962e-11
        ],
        "scale": [
            0.9999998807907104,
            1.0,
            0.9999998807907104
        ],
        "head_world": [
            -6.11440995612611e-08,
            0.014960546046495438,
            1.330289363861084
        ],
        "head_world_transformed": [
            -6.114407824497903e-08,
            0.0149605767801404,
            1.3302892446517944
        ],
        "delta_matrix": [
            [
                0.9999998807907104,
                2.8066438062523957e-13,
                7.815970093361102e-14,
                -4.263256414560601e-14
            ],
            [
                1.936228954946273e-13,
                1.0,
                7.45058699180845e-08,
                -5.494809940387313e-08
            ],
            [
                -2.842170943040401e-14,
                -4.470342318541043e-08,
                0.9999998807907104,
                -3.911560852998264e-08
            ],
            [
                0.0,
                0.0,
                0.0,
                1.0
            ]
        ]
    },
    "LeftShoulder": {
        "location": [
            -1.4901161193847656e-08,
            2.0489096641540527e-08,
            -1.1920928955078125e-07
        ],
        "rotation": [
            -5.1226007592986416e-06,
            2.4364673924668097e-10,
            1.5652702295487515e-11
        ],
        "scale": [
            1.0,
            1.000000238418579,
            1.0000003576278687
        ],
        "head_world": [
            0.02628379873931408,
            0.021015837788581848,
            1.2053322792053223
        ],
        "head_world_transformed": [
            0.026283783838152885,
            0.02101585827767849,
            1.2053321599960327
        ],
        "delta_matrix": [
            [
                1.0,
                2.495087469966961e-13,
                -3.831708821760982e-12,
                -1.5466207869963e-08
            ],
            [
                2.731911918907315e-13,
                1.000000238418579,
                8.941130857920143e-08,
                -8.900506287545795e-08
            ],
            [
                -4.252437811602672e-12,
                -8.940627083120489e-08,
                1.0000003576278687,
                -6.311549896054203e-07
            ],
            [
                0.0,
                0.0,
                0.0,
                1.0
            ]
        ]
    },
    "LeftUpperArm": {
        "location": [
            -7.450580596923828e-09,
            2.0489096641540527e-08,
            -1.1920928955078125e-07
        ],
        "rotation": [
            -5.1227916943572785e-06,
            2.3612437955185146e-10,
            -5.399213574501086e-08
        ],
        "scale": [
            1.0,
            1.0000003576278687,
            1.0000001192092896
        ],
        "head_world": [
            0.1204635500907898,
            0.021015862002968788,
            1.20533287525177
        ],
        "head_world_transformed": [
            0.1204635426402092,
            0.02101588249206543,
            1.2053327560424805
        ],
        "delta_matrix": [
            [
                1.0,
                -9.43075284531858e-10,
                -3.367972567502875e-12,
                -1.8955461200675927e-08
            ],
            [
                -9.42340538934161e-10,
                1.0000003576278687,
                8.940361340137315e-08,
                -9.361610864289105e-08
            ],
            [
                -4.121147867408581e-12,
                -8.940961748749032e-08,
                1.0000001192092896,
                -3.3825270406850905e-07
            ],
            [
                0.0,
                0.0,
                0.0,
                1.0
            ]
        ]
    },
    "LeftLowerArm": {
        "location": [
            0.0,
            2.0489096641540527e-08,
            -1.1920928955078125e-07
        ],
        "rotation": [
            -5.122731849040392e-06,
            2.2309687727274382e-10,
            2.4574953315663045e-09
        ],
        "scale": [
            0.9999998211860657,
            1.000000238418579,
            1.0000001192092896
        ],
        "head_world": [
            0.3404994308948517,
            0.02293628640472889,
            1.2053329944610596
        ],
        "head_world_transformed": [
            0.3404994308948517,
            0.02293630689382553,
            1.20533287525177
        ],
        "delta_matrix": [
            [
                0.9999998211860657,
                4.2008833911477694e-11,
                -2.7569058147491887e-12,
                6.430082066799514e-08
            ],
            [
                4.2891374479880895e-11,
                1.000000238418579,
                8.94065550482992e-08,
                -9.294853953178972e-08
            ],
            [
                -3.893774191965349e-12,
                -8.940855877881404e-08,
                1.0000001192092896,
                -1.5382320839307795e-07
            ],
            [
                0.0,
                0.0,
                0.0,
                1.0
            ]
        ]
    },
    "LeftHand": {
        "location": [
            0.0,
            2.0489096641540527e-08,
            -1.1920928955078125e-07
        ],
        "rotation": [
            -5.027436934785256e-06,
            7.503869142619479e-09,
            6.881152317229089e-08
        ],
        "scale": [
            1.0000001192092896,
            0.9999998807907104,
            0.9999999403953552
        ],
        "head_world": [
            0.5295820236206055,
            0.02128620818257332,
            1.2053325176239014
        ],
        "head_world_transformed": [
            0.5295820236206055,
            0.02128622867166996,
            1.2053323984146118
        ],
        "delta_matrix": [
            [
                1.0000001192092896,
                6.790742190787569e-09,
                4.695903044193983e-08,
                -1.3253884389996529e-07
            ],
            [
                1.2009877536911517e-09,
                0.9999998807907104,
                9.20758793654386e-08,
                -8.847564458847046e-08
            ],
            [
                -1.3096723705530167e-10,
                -8.77453203429468e-08,
                0.9999999403953552,
                -4.43833414465189e-09
            ],
            [
                0.0,
                0.0,
                0.0,
                1.0
            ]
        ]
    },
    "LeftThumbProximal": {
        "location": [
            0.0,
            2.0489096641540527e-08,
            -1.1920928955078125e-07
        ],
        "rotation": [
            -1.049386328848134e-05,
            4.690062518597384,
            -7.3800151293305465
        ],
        "scale": [
            0.9999997615814209,
            1.0000001192092896,
            1.0000001192092896
        ],
        "head_world": [
            0.5475390553474426,
            0.010417154058814049,
            1.1967560052871704
        ],
        "head_world_transformed": [
            0.5475390553474426,
            0.01041717454791069,
            1.1967558860778809
        ],
        "delta_matrix": [
            [
                0.9883951544761658,
                0.1284504532814026,
                0.08108879625797272,
                -0.09202751517295837
            ],
            [
                -0.1280195713043213,
                0.9917160868644714,
                -0.010502833873033524,
                0.08275148272514343
            ],
            [
                -0.08176562935113907,
                -1.825392246246338e-07,
                0.9966517090797424,
                0.04877679795026779
            ],
            [
                0.0,
                0.0,
                0.0,
                1.0
            ]
        ]
    },
    "LeftThumbIntermediate": {
        "location": [
            -0.0034679174423217773,
            -0.004409969784319401,
            -0.0029424428939819336
        ],
        "rotation": [
            -3.881689993532511,
            14.178840070674598,
            -22.86296370880319
        ],
        "scale": [
            0.9999988079071045,
            0.9999999403953552,
            1.0
        ],
        "head_world": [
            0.5839887261390686,
            -0.006114826537668705,
            1.1853938102722168
        ],
        "head_world_transformed": [
            0.5805208086967468,
            -0.010524796321988106,
            1.1824513673782349
        ],
        "delta_matrix": [
            [
                0.8933649063110352,
                0.37235814332962036,
                0.25148987770080566,
                -0.23703184723854065
            ],
            [
                -0.3766917884349823,
                0.925765335559845,
                -0.03257368505001068,
                0.25373250246047974
            ],
            [
                -0.24494904279708862,
                -0.06563413143157959,
                0.9673116207122803,
                0.1784522980451584
            ],
            [
                0.0,
                0.0,
                0.0,
                1.0
            ]
        ]
    },
    "LeftThumbDistal": {
        "location": [
            -0.00739741325378418,
            -0.013693930581212044,
            -0.008921980857849121
        ],
        "rotation": [
            -3.8816891397588646,
            14.178840924448245,
            -22.862962001255898
        ],
        "scale": [
            0.9999987483024597,
            0.9999999403953552,
            0.9999997615814209
        ],
        "head_world": [
            0.6091712117195129,
            -0.007688457611948252,
            1.1827764511108398
        ],
        "head_world_transformed": [
            0.6017737984657288,
            -0.021382387727499008,
            1.1738544702529907
        ],
        "delta_matrix": [
            [
                0.8933648467063904,
                0.37235814332962036,
                0.2514898478984833,
                -0.23703183233737946
            ],
            [
                -0.3766917288303375,
                0.925765335559845,
                -0.03257368132472038,
                0.25373250246047974
            ],
            [
                -0.24494904279708862,
                -0.0656341165304184,
                0.967311441898346,
                0.17845244705677032
            ],
            [
                0.0,
                0.0,
                0.0,
                1.0
            ]
        ]
    },
    "LeftIndexProximal": {
        "location": [
            5.960464477539063e-08,
            1.932494342327118e-08,
            -1.1920928955078125e-07
        ],
        "rotation": [
            -8.064162149998751e-06,
            -3.665225211375644e-06,
            -9.476189940323705
        ],
        "scale": [
            0.999999463558197,
            0.9999996423721313,
            0.9999999403953552
        ],
        "head_world": [
            0.5976686477661133,
            0.002871630946174264,
            1.204809546470642
        ],
        "head_world_transformed": [
            0.5976687073707581,
            0.0028716502711176872,
            1.2048094272613525
        ],
        "delta_matrix": [
            [
                0.9863535761833191,
                0.16463768482208252,
                9.685754776000977e-08,
                0.007683221250772476
            ],
            [
                -0.16463764011859894,
                0.9863537549972534,
                -4.6566128730773926e-09,
                0.09843795001506805
            ],
            [
                6.397021934390068e-08,
                -1.407461240887642e-07,
                0.9999999403953552,
                -1.0803341865539551e-07
            ],
            [
                0.0,
                0.0,
                0.0,
                1.0
            ]
        ]
    },
    "LeftIndexIntermediate": {
        "location": [
            -0.00039827823638916016,
            -0.005271379370242357,
            -1.1920928955078125e-07
        ],
        "rotation": [
            -1.1489269222920124e-05,
            -3.3283860488359427e-06,
            -9.47619079409735
        ],
        "scale": [
            0.9999991655349731,
            0.9999990463256836,
            0.9999995827674866
        ],
        "head_world": [
            0.6296675205230713,
            0.0031046292278915644,
            1.202561855316162
        ],
        "head_world_transformed": [
            0.6292692422866821,
            -0.002166750142350793,
            1.2025617361068726
        ],
        "delta_matrix": [
            [
                0.9863532781600952,
                0.16463759541511536,
                8.381903171539307e-08,
                0.007683299481868744
            ],
            [
                -0.16463761031627655,
                0.9863531589508057,
                -6.239861249923706e-08,
                0.09843803197145462
            ],
            [
                5.809124559164047e-08,
                -2.0052539184689522e-07,
                0.9999995827674866,
                1.825392246246338e-07
            ],
            [
                0.0,
                0.0,
                0.0,
                1.0
            ]
        ]
    },
    "LeftIndexDistal": {
        "location": [
            -0.0006564855575561523,
            -0.008687849156558514,
            -1.1920928955078125e-07
        ],
        "rotation": [
            -1.8429542021345944e-05,
            -4.3222355979246815e-06,
            -9.476189940323705
        ],
        "scale": [
            0.9999984502792358,
            0.9999980330467224,
            0.9999992847442627
        ],
        "head_world": [
            0.6504064798355103,
            0.003255364252254367,
            1.2011058330535889
        ],
        "head_world_transformed": [
            0.6497499942779541,
            -0.005432484671473503,
            1.2011057138442993
        ],
        "delta_matrix": [
            [
                0.9863525629043579,
                0.16463741660118103,
                9.685754776000977e-08,
                0.007683850824832916
            ],
            [
                -0.1646374762058258,
                0.9863522052764893,
                -1.6298145055770874e-07,
                0.0984380841255188
            ],
            [
                7.543712854385376e-08,
                -3.216555342078209e-07,
                0.9999992847442627,
                6.221234798431396e-07
            ],
            [
                0.0,
                0.0,
                0.0,
                1.0
            ]
        ]
    },
    "LeftMiddleProximal": {
        "location": [
            5.960464477539063e-08,
            2.0489096641540527e-08,
            -1.1920928955078125e-07
        ],
        "rotation": [
            -5.1026352216745345e-06,
            -6.574222811025058e-07,
            -1.6210082621105972
        ],
        "scale": [
            1.0,
            0.9999993443489075,
            1.000000238418579
        ],
        "head_world": [
            0.5993245840072632,
            0.018681518733501434,
            1.2087585926055908
        ],
        "head_world_transformed": [
            0.599324643611908,
            0.018681539222598076,
            1.2087584733963013
        ],
        "delta_matrix": [
            [
                0.9995998740196228,
                0.028288189321756363,
                6.996106094447896e-08,
                -0.0002886451256927103
            ],
            [
                -0.028288159519433975,
                0.9995991587638855,
                8.603092283010483e-08,
                0.016961198300123215
            ],
            [
                1.1474185157567263e-08,
                -8.905772119760513e-08,
                1.000000238418579,
                -3.687805474328343e-07
            ],
            [
                0.0,
                0.0,
                0.0,
                1.0
            ]
        ]
    },
    "LeftMiddleIntermediate": {
        "location": [
            1.8775463104248047e-05,
            -0.0009496435523033142,
            -1.1920928955078125e-07
        ],
        "rotation": [
            -5.21602906962232e-06,
            -3.393414957408897e-07,
            -1.621006874728422
        ],
        "scale": [
            1.0000003576278687,
            0.999998927116394,
            1.0000004768371582
        ],
        "head_world": [
            0.6328795552253723,
            0.01981801725924015,
            1.2069861888885498
        ],
        "head_world_transformed": [
            0.6328983306884766,
            0.018868373706936836,
            1.2069860696792603
        ],
        "delta_matrix": [
            [
                0.9996002316474915,
                0.028288206085562706,
                6.940354069229215e-08,
                -0.00028887754888273776
            ],
            [
                -0.02828814461827278,
                0.9995987415313721,
                8.483766578137875e-08,
                0.016961198300123215
            ],
            [
                5.922629497945309e-09,
                -9.103678166866302e-08,
                1.0000004768371582,
                -5.540250640478916e-07
            ],
            [
                0.0,
                0.0,
                0.0,
                1.0
            ]
        ]
    },
    "LeftMiddleDistal": {
        "location": [
            3.11732292175293e-05,
            -0.0015791915357112885,
            -1.1920928955078125e-07
        ],
        "rotation": [
            -7.547243543615829e-06,
            -3.2366680118200172e-06,
            -1.6210057007896586
        ],
        "scale": [
            1.000000238418579,
            0.9999976754188538,
            1.000001311302185
        ],
        "head_world": [
            0.6551237106323242,
            0.020571429282426834,
            1.2058117389678955
        ],
        "head_world_transformed": [
            0.6551548838615417,
            0.018992237746715546,
            1.205811619758606
        ],
        "delta_matrix": [
            [
                0.9996001124382019,
                0.028288189321756363,
                1.1932570487260818e-07,
                -0.00028887938242405653
            ],
            [
                -0.02828812226653099,
                0.9995974898338318,
                4.115281626582146e-08,
                0.01696126163005829
            ],
            [
                5.649053491652012e-08,
                -1.3172393664717674e-07,
                1.000001311302185,
                -1.6816193237900734e-06
            ],
            [
                0.0,
                0.0,
                0.0,
                1.0
            ]
        ]
    },
    "LeftRingProximal": {
        "location": [
            0.0,
            2.2351741790771484e-08,
            -1.1920928955078125e-07
        ],
        "rotation": [
            -4.982571267115408e-06,
            -2.2011357924088893e-06,
            4.99999985454646
        ],
        "scale": [
            0.9999997615814209,
            0.9999997019767761,
            1.0000004768371582
        ],
        "head_world": [
            0.5969645977020264,
            0.03344700485467911,
            1.20936918258667
        ],
        "head_world_transformed": [
            0.5969645977020264,
            0.0334470272064209,
            1.2093690633773804
        ],
        "delta_matrix": [
            [
                0.9961944818496704,
                -0.08715572208166122,
                8.64383764564991e-08,
                0.0051867542788386345
            ],
            [
                0.08715572208166122,
                0.9961944222450256,
                9.825453162193298e-08,
                -0.051901690661907196
            ],
            [
                3.841705620288849e-08,
                -8.69622454047203e-08,
                1.0000004768371582,
                -5.07538061356172e-07
            ],
            [
                0.0,
                0.0,
                0.0,
                1.0
            ]
        ]
    },
    "LeftRingIntermediate": {
        "location": [
            -0.0002548694610595703,
            0.002684731036424637,
            -1.1920928955078125e-07
        ],
        "rotation": [
            -4.915872236556998e-06,
            -2.941520272489188e-06,
            4.999999000772815
        ],
        "scale": [
            0.999998927116394,
            0.9999993443489075,
            0.9999998211860657
        ],
        "head_world": [
            0.6278370022773743,
            0.03502344712615013,
            1.207195520401001
        ],
        "head_world_transformed": [
            0.6275821328163147,
            0.03770817816257477,
            1.2071954011917114
        ],
        "delta_matrix": [
            [
                0.9961936473846436,
                -0.08715571463108063,
                1.0727671906352043e-07,
                0.005187277682125568
            ],
            [
                0.08715563267469406,
                0.996194064617157,
                1.0151416063308716e-07,
                -0.05190160498023033
            ],
            [
                5.133915692567825e-08,
                -8.579809218645096e-08,
                0.9999998211860657,
                3.9428414311259985e-08
            ],
            [
                0.0,
                0.0,
                0.0,
                1.0
            ]
        ]
    },
    "LeftRingDistal": {
        "location": [
            -0.0004227757453918457,
            0.004452843219041824,
            -1.1920928955078125e-07
        ],
        "rotation": [
            -5.496178839741615e-06,
            -5.139328543145893e-06,
            4.999998146999168
        ],
        "scale": [
            0.9999976754188538,
            0.9999979734420776,
            0.9999989867210388
        ],
        "head_world": [
            0.6481691598892212,
            0.036061711609363556,
            1.2057650089263916
        ],
        "head_world_transformed": [
            0.6477463841438293,
            0.04051455482840538,
            1.205764889717102
        ],
        "delta_matrix": [
            [
                0.9961923956871033,
                -0.08715558797121048,
                1.4691613614559174e-07,
                0.005187973380088806
            ],
            [
                0.08715550601482391,
                0.9961926937103271,
                9.592622518539429e-08,
                -0.05190148949623108
            ],
            [
                8.969800546765327e-08,
                -9.592622518539429e-08,
                0.9999989867210388,
                9.610084816813469e-07
            ],
            [
                0.0,
                0.0,
                0.0,
                1.0
            ]
        ]
    },
    "LeftLittleProximal": {
        "location": [
            0.0,
            2.2351741790771484e-08,
            -1.1920928955078125e-07
        ],
        "rotation": [
            -6.1364972682113325e-06,
            -1.7075479031696865e-06,
            9.999993732677398
        ],
        "scale": [
            0.9999996423721313,
            1.0000001192092896,
            0.9999999403953552
        ],
        "head_world": [
            0.5886635184288025,
            0.04668049141764641,
            1.2068663835525513
        ],
        "head_world_transformed": [
            0.5886635184288025,
            0.0466805137693882,
            1.2068662643432617
        ],
        "delta_matrix": [
            [
                0.9848074316978455,
                -0.17364828288555145,
                6.891787052154541e-08,
                0.01704925298690796
            ],
            [
                0.17364801466464996,
                0.9848078489303589,
                9.220093488693237e-08,
                -0.10151112079620361
            ],
            [
                2.9802322387695312e-08,
                -1.0710209608078003e-07,
                0.9999999403953552,
                -1.0803341865539551e-07
            ],
            [
                0.0,
                0.0,
                0.0,
                1.0
            ]
        ]
    },
    "LeftLittleIntermediate": {
        "location": [
            -0.0008120536804199219,
            0.004897903650999069,
            -1.1920928955078125e-07
        ],
        "rotation": [
            -3.7886221836854446e-06,
            -1.3873825822698393e-06,
            9.99999544022469
        ],
        "scale": [
            0.9999995827674866,
            0.9999995827674866,
            0.9999998211860657
        ],
        "head_world": [
            0.6170610785484314,
            0.04887237399816513,
            1.2051187753677368
        ],
        "head_world_transformed": [
            0.6162490248680115,
            0.0537702776491642,
            1.2051186561584473
        ],
        "delta_matrix": [
            [
                0.9848073720932007,
                -0.1736481636762619,
                5.029141902923584e-08,
                0.017049290239810944
            ],
            [
                0.17364802956581116,
                0.9848073720932007,
                1.1641532182693481e-07,
                -0.10151119530200958
            ],
            [
                2.421438694000244e-08,
                -6.612390279769897e-08,
                0.9999998211860657,
                3.166496753692627e-08
            ],
            [
                0.0,
                0.0,
                0.0,
                1.0
            ]
        ]
    },
    "LeftLittleDistal": {
        "location": [
            -0.001302957534790039,
            0.007858708500862122,
            -1.1920928955078125e-07
        ],
        "rotation": [
            -4.14881079047483e-06,
            -2.081076112515255e-06,
            9.999996293998336
        ],
        "scale": [
            0.9999986290931702,
            0.9999989867210388,
            0.9999993443489075
        ],
        "head_world": [
            0.6342276334762573,
            0.05019757151603699,
            1.2040635347366333
        ],
        "head_world_transformed": [
            0.6329246759414673,
            0.05805628001689911,
            1.2040634155273438
        ],
        "delta_matrix": [
            [
                0.9848064184188843,
                -0.17364805936813354,
                8.009374141693115e-08,
                0.017049938440322876
            ],
            [
                0.17364788055419922,
                0.9848067760467529,
                1.3597309589385986e-07,
                -0.10151104629039764
            ],
            [
                3.632158041000366e-08,
                -7.241033017635345e-08,
                0.9999993443489075,
                7.59027898311615e-07
            ],
            [
                0.0,
                0.0,
                0.0,
                1.0
            ]
        ]
    },
    "RightShoulder": {
        "location": [
            1.4901161193847656e-08,
