{
    "Hips": {
        "location": [
            1.1102230246251565e-16,
            0.0,
            0.0
        ],
        "rotation": [
            7.837545658253072e-15,
            1.3161719201857082e-15,
            1.1575753573847816e-14
        ],
        "scale": [
            1.0,
            1.0,
            1.0
        ],
        "head_world": [
            -7.327471962526033e-15,
            -0.004767999984323978,
            0.8475689888000488
        ],
        "head_world_transformed": [
            -7.216449660063518e-15,
            -0.004767999984323978,
            0.8475689888000488
        ],
        "delta_matrix": [
            [
                1.0,
                1.8936816493254894e-16,
                5.451504048528677e-18,
                1.1102230246251565e-16
            ],
            [
                2.0203501326314496e-16,
                1.0,
                1.367909770119024e-16,
                1.6483170384162804e-10
            ],
            [
                -2.2971533529536625e-17,
                1.367909770119024e-16,
                1.0,
                1.0026103280935672e-09
            ],
            [
                0.0,
                0.0,
                0.0,
                1.0
            ]
        ]
    },
    "Spine": {
        "location": [
            8.515410598874951e-14,
            -9.313225746154785e-10,
            0.0
        ],
        "rotation": [
            1.640848261944778e-06,
            1.0209580527497889e-12,
            -2.363152128327393e-12
        ],
        "scale": [
            1.0,
            1.0,
            1.0
        ],
        "head_world": [
            -7.290214265598394e-11,
            -0.004768018145114183,
            0.9285163879394531
        ],
        "head_world_transformed": [
            -7.281698854999519e-11,
            -0.004768019076436758,
            0.9285163879394531
        ],
        "delta_matrix": [
            [
                1.0,
                3.430589146091734e-14,
                3.552713678800501e-14,
                7.614742170147792e-14
            ],
            [
                -4.1244785364824565e-14,
                1.0,
                -1.4668295023056999e-08,
                1.2572821894707431e-08
            ],
            [
                -1.7819079545233762e-14,
                2.8638204696562752e-08,
                1.0,
                -1.7182195222176233e-08
            ],
            [
                0.0,
                0.0,
                0.0,
                1.0
            ]
        ]
    },
    "Chest": {
        "location": [
            -3.6415315207705135e-14,
            5.681067705154419e-08,
            0.0
        ],
        "rotation": [
            2.561322160087779e-06,
            -6.513777540642498e-12,
            3.3586665201280814e-12
        ],
        "scale": [
            0.9999997615814209,
            1.0,
            1.0000005960464478
        ],
        "head_world": [
            1.124699089416481e-08,
            -0.004536051768809557,
            1.0031251907348633
        ],
        "head_world_transformed": [
            1.1246954478849602e-08,
            -0.004535994958132505,
            1.0031251907348633
        ],
        "delta_matrix": [
            [
                0.9999997615814209,
                8.881784197001252e-15,
                9.947598300641403e-14,
                -1.341149413747189e-13
            ],
            [
                5.861977570020827e-14,
                1.0,
                -1.4901139877565583e-08,
                8.242202653718778e-08
            ],
            [
                1.1368683772161603e-13,
                4.470350489782504e-08,
                1.0000005960464478,
                -6.016343832015991e-07
            ],
            [
                0.0,
                0.0,
                0.0,
                1.0
            ]
        ]
    },
    "Neck": {
        "location": [
            -2.1316282072803006e-14,
            9.313225746154785e-09,
            1.1920928955078125e-07
        ],
        "rotation": [
            8.537749693623413e-07,
            -7.226221789290326e-12,
            4.376444406447711e-12
        ],
        "scale": [
            0.9999997615814209,
            0.9999998807907104,
            1.0000005960464478
        ],
        "head_world": [
            3.613916277345197e-08,
            0.016212522983551025,
            1.1663382053375244
        ],
        "head_world_transformed": [
            3.61391414571699e-08,
            0.01621253229677677,
            1.166338324546814
        ],
        "delta_matrix": [
            [
                0.9999997615814209,
                -4.973799150320701e-14,
                1.0302869668521453e-13,
                -1.2967404927621828e-13
            ],
            [
                7.638334409421077e-14,
                0.9999998807907104,
                1.490118251012973e-08,
                9.313205318051132e-09
            ],
            [
                1.2612133559741778e-13,
                1.490118251012973e-08,
                1.0000005960464478,
                -5.979090929031372e-07
            ],
            [
                0.0,
                0.0,
                0.0,
                1.0
            ]
        ]
    },
    "Head": {
        "location": [
            -1.0658141036401503e-14,
            -1.955777406692505e-08,
            3.5762786865234375e-07
        ],
        "rotation": [
            2.5613215494212804e-06,
            -2.0730870943831358e-11,
            -2.557167711027535e-12
        ],
        "scale": [
            0.9999993443489075,
            0.9999997019767761,
            1.0000015497207642
        ],
        "head_world": [
            4.22728625437685e-08,
            0.01093638688325882,
            1.2116045951843262
        ],
        "head_world_transformed": [
            4.227285188562746e-08,
            0.010936367325484753,
            1.2116049528121948
        ],
        "delta_matrix": [
            [
                0.9999993443489075,
                3.774758283725532e-14,
                2.832734047331087e-13,
                -3.1807889655510735e-13
            ],
            [
                -4.463096558993129e-14,
                0.9999997019767761,
                -3.2782554626464844e-07,
                3.7532299757003784e-07
            ],
            [
                3.618216837253385e-13,
                4.470348002882929e-08,
                1.0000015497207642,
                -1.4360994100570679e-06
            ],
            [
                0.0,
                0.0,
                0.0,
                1.0
            ]
        ]
    },
    "LeftShoulder": {
        "location": [
            -1.2852251529693604e-07,
            -2.7939677238464355e-09,
            0.0
        ],
        "rotation": [
            1.6341767304449403e-06,
            -5.533845563612126e-06,
            3.2683535117787555e-07
        ],
        "scale": [
            0.9999996423721313,
            0.9999997019767761,
            1.0000005960464478
        ],
        "head_world": [
            0.03123115748167038,
            0.014677315019071102,
            1.1513816118240356
        ],
        "head_world_transformed": [
            0.031231028959155083,
            0.014677312225103378,
            1.1513816118240356
        ],
        "delta_matrix": [
            [
                0.9999996423721313,
                2.3283064365386963e-09,
                6.714981282129884e-08,
                -2.673477865755558e-07
            ],
            [
                5.704350769519806e-09,
                0.9999997019767761,
                -3.550667315721512e-09,
                5.122274160385132e-09
            ],
            [
                9.658378985477611e-08,
                2.852175384759903e-08,
                1.0000005960464478,
                -7.427524906233884e-07
            ],
            [
                0.0,
                0.0,
                0.0,
                1.0
            ]
        ]
    },
    "LeftUpperArm": {
        "location": [
            -3.725290298461914e-08,
            -3.725290298461914e-09,
            0.0
        ],
        "rotation": [
            4.3014293760871706e-06,
            45.00000466733367,
            8.598344705414907e-06
        ],
        "scale": [
            0.9999997019767761,
            0.9999997019767761,
            1.0000003576278687
        ],
        "head_world": [
            0.09201104938983917,
            0.013771306723356247,
            1.1329885721206665
        ],
        "head_world_transformed": [
            0.09201101213693619,
            0.013771302998065948,
            1.1329885721206665
        ],
        "delta_matrix": [
            [
                0.7071065306663513,
                -6.379559636116028e-08,
                0.7071071863174438,
                -0.7741948962211609
            ],
            [
                1.0611506695568096e-07,
                0.9999997019767761,
                3.675631887745112e-08,
                -5.157198756933212e-08
            ],
            [
                -0.7071066498756409,
                5.3085386753082275e-08,
                0.7071069478988647,
                0.39690616726875305
            ],
            [
                0.0,
                0.0,
                0.0,
                1.0
            ]
        ]
    },
    "LeftLowerArm": {
        "location": [
            -0.05807046592235565,
            2.2351741790771484e-08,
            -0.14126789569854736
        ],
        "rotation": [
            4.959972535548299e-06,
            45.00001149752284,
            7.2621811650688586e-06
        ],
        "scale": [
            0.9999997615814209,
            0.9999989867210388,
            1.000001311302185
        ],
        "head_world": [
            0.2915715277194977,
            0.015933217480778694,
            1.1335253715515137
        ],
        "head_world_transformed": [
            0.23350106179714203,
            0.015933239832520485,
            0.9922574758529663
        ],
        "delta_matrix": [
            [
                0.7071064710617065,
                -7.024937076494098e-08,
                0.7071079611778259,
                -0.7741957902908325
            ],
            [
                8.9625018517836e-08,
                0.9999989867210388,
                3.760942490771413e-08,
                -2.8958311304450035e-08
            ],
            [
                -0.7071067690849304,
                6.121263140812516e-08,
                0.7071074843406677,
                0.3969053626060486
            ],
            [
                0.0,
                0.0,
                0.0,
                1.0
            ]
        ]
    },
    "LeftHand": {
        "location": [
            -0.12112057209014893,
            4.0978193283081055e-08,
            -0.28564900159835815
        ],
        "rotation": [
            4.6431554990615966e-06,
            45.00000808242825,
            8.567595611643268e-06
        ],
        "scale": [
            0.9999998211860657,
            0.9999992251396179,
            1.0000011920928955
        ],
        "head_world": [
            0.49738016724586487,
            0.01313946396112442,
            1.1296074390411377
        ],
        "head_world_transformed": [
            0.37625959515571594,
            0.013139504939317703,
            0.8439584374427795
        ],
        "delta_matrix": [
            [
                0.7071065306663513,
                -6.767550075892359e-08,
                0.7071077227592468,
                -0.77419513463974
            ],
            [
                1.057355802913662e-07,
                0.9999992251396179,
                3.7266872254804184e-08,
                -4.4980424718232825e-08
            ],
            [
                -0.7071067690849304,
                5.7302713685203344e-08,
                0.7071075439453125,
                0.3969055116176605
            ],
            [
                0.0,
                0.0,
                0.0,
                1.0
            ]
        ]
    },
    "LeftThumbProximal": {
        "location": [
            -0.13176661729812622,
            4.0978193283081055e-08,
            -0.3023594617843628
        ],
        "rotation": [
            4.52782339564649e-06,
            44.99999100695533,
            2.173353112933119e-05
        ],
        "scale": [
            0.9999997019767761,
            0.9999995827674866,
            1.0000004768371582
        ],
        "head_world": [
            0.5228745937347412,
            -0.007186931557953358,
            1.1251118183135986
        ],
        "head_world_transformed": [
            0.391107976436615,
            -0.007186890579760075,
            0.8227523565292358
        ],
        "delta_matrix": [
            [
                0.7071067094802856,
                1.043081283569336e-07,
                0.7071075439453125,
                -0.7741951942443848
            ],
            [
                2.682209014892578e-07,
                0.9999995827674866,
                1.9371509552001953e-07,
                -3.296881914138794e-07
            ],
            [
                -0.7071064710617065,
                5.587935447692871e-08,
                0.7071067094802856,
                0.3969062864780426
            ],
            [
                0.0,
                0.0,
                0.0,
                1.0
            ]
        ]
    },
    "LeftThumbIntermediate": {
        "location": [
            -0.14559200406074524,
            1.4901161193847656e-08,
            -0.31425100564956665
        ],
        "rotation": [
            7.84822803334258e-06,
            44.99997734657699,
            3.018545673542999e-05
        ],
        "scale": [
            0.9999996423721313,
            0.9999994039535522,
            1.0000007152557373
        ],
        "head_world": [
            0.5441414713859558,
            -0.019588612020015717,
            1.1143689155578613
        ],
        "head_world_transformed": [
            0.39854946732521057,
            -0.019588597118854523,
            0.8001179099082947
        ],
        "delta_matrix": [
            [
                0.7071068286895752,
                2.7567148208618164e-07,
                0.7071077823638916,
                -0.774195671081543
            ],
            [
                3.725290298461914e-07,
                0.9999994039535522,
                2.4586915969848633e-07,
                -5.122274160385132e-07
            ],
            [
                -0.7071062326431274,
                9.685754776000977e-08,
                0.7071068286895752,
                0.3969058394432068
            ],
            [
                0.0,
                0.0,
                0.0,
                1.0
            ]
        ]
    },
    "LeftThumbDistal": {
        "location": [
            -0.15572938323020935,
            -1.1175870895385742e-08,
            -0.3243454098701477
        ],
        "rotation": [
            1.147048837830377e-05,
            44.999984176766155,
            1.56964365253572e-05
        ],
        "scale": [
            0.9999998211860657,
            0.9999994039535522,
            1.0000005960464478
        ],
        "head_world": [
            0.5613952279090881,
            -0.026466943323612213,
            1.1071794033050537
        ],
        "head_world_transformed": [
            0.4056658446788788,
            -0.02646695449948311,
            0.782833993434906
        ],
        "delta_matrix": [
            [
                0.7071068286895752,
                1.4156103134155273e-07,
                0.7071077227592468,
                -0.7741957306861877
            ],
            [
                1.9371509552001953e-07,
                0.9999994039535522,
                2.5331974029541016e-07,
                -4.377216100692749e-07
            ],
            [
                -0.7071064710617065,
                1.4156103134155273e-07,
                0.7071067094802856,
                0.39690616726875305
            ],
            [
                0.0,
                0.0,
                0.0,
                1.0
            ]
        ]
    },
    "LeftIndexProximal": {
        "location": [
            -0.13651317358016968,
            7.660128176212311e-08,
            -0.3393605947494507
        ],
        "rotation": [
            -4.9810687046013005,
            44.782391425282476,
            -7.053226009151755
        ],
        "scale": [
            1.0000003576278687,
            0.9999993443489075,
            1.0000011920928955
        ],
        "head_world": [
            0.5699118375778198,
            -0.0016457382589578629,
            1.137883186340332
        ],
        "head_world_transformed": [
            0.43339866399765015,
            -0.0016456616576761007,
            0.7985225915908813
        ],
        "delta_matrix": [
            [
                0.7044162154197693,
                0.06162827089428902,
                0.7071078419685364,
                -0.772561252117157
            ],
            [
                -0.08715575933456421,
                0.996194064617157,
                -2.0954757928848267e-09,
                0.04966491460800171
            ],
            [
                -0.7044163942337036,
                -0.06162834167480469,
                0.7071073651313782,
                0.3952707052230835
            ],
            [
                0.0,
                0.0,
                0.0,
                1.0
            ]
        ]
    },
    "LeftIndexIntermediate": {
        "location": [
            -0.1439162790775299,
            -0.002055760705843568,
            -0.3557974100112915
        ],
        "rotation": [
            -4.9810669970540085,
            44.782394840377066,
            -7.053224301604463
        ],
        "scale": [
            0.9999999403953552,
            0.9999991059303284,
            1.000001311302185
        ],
        "head_world": [
            0.5935585498809814,
            -0.002992090070620179,
            1.1374150514602661
        ],
        "head_world_transformed": [
            0.44964227080345154,
            -0.005047850776463747,
            0.7816176414489746
        ],
        "delta_matrix": [
            [
                0.7044158577919006,
                0.061628226190805435,
                0.7071078419685364,
                -0.7725603580474854
            ],
            [
                -0.08715569227933884,
                0.9961938261985779,
                5.878973752260208e-09,
                0.04966483637690544
            ],
            [
                -0.7044160962104797,
                -0.061628308147192,
                0.7071075439453125,
                0.3952707350254059
            ],
            [
                0.0,
                0.0,
                0.0,
                1.0
            ]
        ]
    },
    "LeftIndexDistal": {
        "location": [
            -0.15024158358573914,
            -0.003914556000381708,
            -0.37081193923950195
        ],
        "rotation": [
            -4.981069131488124,
            44.782388010187894,
            -7.05322387471764
        ],
        "scale": [
            1.0,
            0.9999991655349731,
            1.0000015497207642
        ],
        "head_world": [
            0.6149377822875977,
            -0.0041791233234107494,
            1.1375101804733276
        ],
        "head_world_transformed": [
            0.4646961987018585,
            -0.008093679323792458,
            0.7666982412338257
        ],
        "delta_matrix": [
            [
                0.704416036605835,
                0.061628229916095734,
                0.7071080803871155,
                -0.7725610136985779
            ],
            [
                -0.08715570718050003,
                0.9961938858032227,
                -8.847564458847046e-09,
                0.049664877355098724
            ],
            [
                -0.7044160962104797,
                -0.061628349125385284,
                0.7071077227592468,
                0.3952704966068268
            ],
            [
                0.0,
                0.0,
                0.0,
                1.0
            ]
        ]
    },
    "LeftMiddleProximal": {
        "location": [
            -0.13646715879440308,
            5.122274160385132e-08,
            -0.3391727805137634
        ],
        "rotation": [
            5.867302447970246e-06,
            45.00000808242825,
            8.67832003276912e-06
        ],
        "scale": [
            1.0,
            0.9999995231628418,
            1.000001072883606
        ],
        "head_world": [
            0.5696626305580139,
            0.01326914131641388,
            1.1378443241119385
        ],
        "head_world_transformed": [
            0.43319547176361084,
            0.013269192539155483,
            0.798671543598175
        ],
        "delta_matrix": [
            [
                0.7071067094802856,
                -4.7497451305389404e-08,
                0.707107663154602,
                -0.77419513463974
            ],
            [
                1.0710209608078003e-07,
                0.9999995231628418,
                6.414484232664108e-08,
                -7.497146725654602e-08
            ],
            [
                -0.7071069478988647,
                7.241033017635345e-08,
                0.7071073651313782,
                0.39690595865249634
            ],
            [
                0.0,
                0.0,
                0.0,
                1.0
            ]
        ]
    },
    "LeftMiddleIntermediate": {
        "location": [
            -0.14473456144332886,
            4.377216100692749e-08,
            -0.35812097787857056
        ],
        "rotation": [
            7.131321033921222e-06,
            45.00000808242825,
            8.914143964403542e-06
        ],
        "scale": [
            1.0,
            0.9999992251396179,
            1.0000011920928955
        ],
        "head_world": [
            0.5966680645942688,
            0.013356445357203484,
            1.1373391151428223
        ],
        "head_world_transformed": [
            0.45193350315093994,
            0.01335648912936449,
            0.7792181372642517
        ],
        "delta_matrix": [
            [
                0.7071067094802856,
                -4.330649971961975e-08,
                0.7071077227592468,
                -0.7741957306861877
            ],
            [
                1.100124791264534e-07,
                0.9999992251396179,
                7.147900760173798e-08,
                -9.592622518539429e-08
            ],
            [
                -0.7071069478988647,
                8.800998330116272e-08,
                0.7071075439453125,
                0.39690524339675903
            ],
            [
                0.0,
                0.0,
                0.0,
                1.0
            ]
        ]
    },
    "LeftMiddleDistal": {
        "location": [
            -0.15093907713890076,
            5.494803190231323e-08,
            -0.3739529252052307
        ],
        "rotation": [
            6.376683394202475e-06,
            45.00000808242825,
            8.857545764846963e-06
        ],
        "scale": [
            1.0,
            0.9999993443489075,
            1.0000011920928955
        ],
        "head_world": [
            0.618881344795227,
            0.013565508648753166,
            1.1377651691436768
        ],
        "head_world_transformed": [
            0.4679422676563263,
            0.013565563596785069,
            0.763812243938446
        ],
        "delta_matrix": [
            [
                0.7071067094802856,
                -4.644971340894699e-08,
                0.7071078419685364,
                -0.7741955518722534
            ],
            [
                1.0931398719549179e-07,
                0.9999993443489075,
                7.600829121656716e-08,
                -9.103678166866302e-08
            ],
            [
                -0.70710688829422,
                7.869675755500793e-08,
                0.7071074843406677,
                0.3969051241874695
            ],
            [
                0.0,
                0.0,
                0.0,
                1.0
            ]
        ]
    },
    "LeftRingProximal": {
        "location": [
            -0.1383875012397766,
            2.60770320892334e-08,
            -0.33722883462905884
        ],
        "rotation": [
            4.981087487621519,
            44.782391425282476,
            7.053240523303741
        ],
        "scale": [
            0.9999998211860657,
            0.9999992251396179,
            1.0000014305114746
        ],
        "head_world": [
            0.5682762861251831,
            0.029624659568071365,
            1.1345545053482056
        ],
        "head_world_transformed": [
            0.4298887848854065,
            0.029624685645103455,
            0.7973256707191467
        ],
        "delta_matrix": [
            [
                0.7044157981872559,
                -0.06162828579545021,
                0.7071079015731812,
                -0.7708407044410706
            ],
            [
                0.08715588599443436,
                0.9961939454078674,
                1.9790604710578918e-07,
                -0.049416057765483856
            ],
            [
                -0.7044159770011902,
                0.06162857264280319,
                0.7071076035499573,
                0.3935508131980896
            ],
            [
                0.0,
                0.0,
                0.0,
                1.0
            ]
        ]
    },
    "LeftRingIntermediate": {
        "location": [
            -0.14591717720031738,
            0.0020984988659620285,
            -0.3540186285972595
        ],
        "rotation": [
            4.98108364564011,
            44.782391425282476,
            7.05323625443551
        ],
        "scale": [
            0.9999997615814209,
            0.9999992847442627,
            1.000001311302185
        ],
        "head_world": [
            0.5923992991447449,
            0.03067253716289997,
            1.1340818405151367
        ],
        "head_world_transformed": [
            0.4464821219444275,
            0.032771036028862,
            0.7800632119178772
        ],
        "delta_matrix": [
            [
                0.7044157385826111,
                -0.061628308147192,
                0.7071079015731812,
                -0.770841121673584
            ],
            [
                0.08715582638978958,
                0.9961940050125122,
                2.009328454732895e-07,
                -0.04941602796316147
            ],
            [
                -0.7044159173965454,
                0.06162852793931961,
                0.7071074843406677,
                0.39355072379112244
            ],
            [
                0.0,
                0.0,
                0.0,
                1.0
            ]
        ]
    },
    "LeftRingDistal": {
        "location": [
            -0.15244439244270325,
            0.0039057135581970215,
            -0.36845993995666504
        ],
        "rotation": [
            4.981084926300579,
            44.782388010187894,
            7.053237961982803
        ],
        "scale": [
            0.9999998211860657,
            0.999998927116394,
            1.000001311302185
        ],
        "head_world": [
            0.6131736636161804,
            0.031566400080919266,
            1.1336123943328857
        ],
        "head_world_transformed": [
            0.4607292711734772,
            0.03547211363911629,
            0.7651524543762207
        ],
        "delta_matrix": [
            [
                0.7044158577919006,
                -0.061628274619579315,
                0.7071079015731812,
                -0.7708408236503601
            ],
            [
                0.08715586364269257,
                0.9961936473846436,
                2.528540790081024e-07,
                -0.049416083842515945
            ],
            [
                -0.7044159173965454,
                0.06162852421402931,
                0.7071075439453125,
                0.39355048537254333
            ],
            [
                0.0,
                0.0,
                0.0,
                1.0
            ]
        ]
    },
    "LeftLittleProximal": {
        "location": [
            -0.1401050090789795,
            -1.862645149230957e-08,
            -0.33276301622390747
        ],
        "rotation": [
            9.85109560877112,
            44.136043793935,
            14.001962076833363
        ],
        "scale": [
            0.999999463558197,
            0.9999993443489075,
            1.000001072883606
        ],
        "head_world": [
            0.5637439489364624,
            0.04343109950423241,
            1.1302489042282104
        ],
        "head_world_transformed": [
            0.4236389398574829,
            0.043431080877780914,
            0.797485888004303
        ],
        "delta_matrix": [
            [
                0.6963636875152588,
                -0.12278769910335541,
                0.707107663154602,
                -0.76280677318573
            ],
            [
                0.17364829778671265,
                0.9848070740699768,
                2.742744982242584e-07,
                -0.09723366051912308
            ],
            [
                -0.6963640451431274,
                0.12278793007135391,
                0.7071073651313782,
                0.38551679253578186
            ],
            [
                0.0,
                0.0,
                0.0,
                1.0
            ]
        ]
    },
    "LeftLittleIntermediate": {
        "location": [
            -0.1458127796649933,
            0.002917002886533737,
            -0.34420913457870483
        ],
        "rotation": [
            9.851093047450181,
            44.136043793935,
            14.001961223059718
        ],
        "scale": [
            0.9999998211860657,
            0.9999992847442627,
            1.0000011920928955
        ],
        "head_world": [
            0.5807750821113586,
            0.046091701835393906,
            1.12995183467865
        ],
        "head_world_transformed": [
            0.43496230244636536,
            0.04900870472192764,
            0.7857427000999451
        ],
        "delta_matrix": [
            [
                0.6963638663291931,
                -0.12278758734464645,
                0.7071079015731812,
                -0.7628068923950195
            ],
            [
                0.17364832758903503,
                0.984807014465332,
                3.073364496231079e-07,
                -0.09723372012376785
            ],
            [
                -0.6963642835617065,
                0.12278790026903152,
                0.707107424736023,
                0.385516881942749
            ],
            [
                0.0,
                0.0,
                0.0,
                1.0
            ]
        ]
    },
    "LeftLittleDistal": {
        "location": [
            -0.15120038390159607,
            0.005556643009185791,
            -0.3544735908508301
        ],
        "rotation": [
            9.851090486129241,
            44.13603696374583,
            14.001959515512425
        ],
        "scale": [
            1.0000001192092896,
            0.9999995231628418,
            1.0000015497207642
        ],
        "head_world": [
            0.5961799621582031,
            0.04843423143029213,
            1.129353642463684
        ],
        "head_world_transformed": [
            0.44497957825660706,
            0.05399087443947792,
            0.774880051612854
        ],
        "delta_matrix": [
            [
                0.696364164352417,
                -0.12278761714696884,
                0.7071080803871155,
                -0.7628065347671509
            ],
            [
                0.1736483871936798,
                0.9848072528839111,
                3.0687078833580017e-07,
                -0.09723345935344696
            ],
            [
                -0.6963644027709961,
                0.12278790771961212,
                0.7071077227592468,
                0.38551685214042664
            ],
            [
                0.0,
                0.0,
                0.0,
                1.0
            ]
        ]
    },
    "RightShoulder": {
        "location": [
            1.564621925354004e-07,
            -5.587935447692871e-09,
            0.0
        ],
        "rotation": [
            2.8481359301534256e-06,
            1.7415237994323025e-05,
            -4.0020654934705935e-07
        ],
        "scale": [
            0.9999996423721313,
            0.9999998807907104,
            1.0000007152557373
        ],
        "head_world": [
            -0.03123115748167038,
            0.014677315019071102,
            1.1513816118240356
        ],
        "head_world_transformed": [
            -0.031231001019477844,
            0.014677309431135654,
            1.1513816118240356
        ],
        "delta_matrix": [
            [
                0.9999996423721313,
                -4.656612873077393e-10,
                2.346223482163623e-08,
                1.4578108675777912e-07
            ],
            [
                -6.984919309616089e-09,
                0.9999998807907104,
                6.344635039567947e-09,
                -1.4435499906539917e-08
            ],
            [
                -3.039531293325126e-07,
                4.9709342420101166e-08,
                1.0000007152557373,
                -7.115950211300515e-07
            ],
            [
                0.0,
                0.0,
                0.0,
                1.0
            ]
        ]
    },
    "RightUpperArm": {
        "location": [
            5.960464477539063e-08,
            -5.587935447692871e-09,
            0.0
        ],
        "rotation": [
            1.2376037587215095e-05,
            -45.00000808242825,
            -7.839101418961902e-06
        ],
        "scale": [
            0.9999997615814209,
            0.9999998807907104,
            1.000000238418579
        ],
        "head_world": [
            -0.09201104938983917,
            0.013771306723356247,
            1.1329885721206665
        ],
        "head_world_transformed": [
            -0.0920109897851944,
            0.0137713011354208,
            1.1329885721206665
        ],
        "delta_matrix": [
            [
                0.7071065306663513,
                1.0081566870212555e-07,
                -0.7071070075035095,
                0.7741948962211609
            ],
            [
                -9.674499779066537e-08,
                0.9999998807907104,
                4.820503818336874e-08,
                -6.874324753880501e-08
            ],
            [
                0.7071067094802856,
                1.5273690223693848e-07,
                0.7071070075035095,
                0.39690592885017395
            ],
            [
                0.0,
                0.0,
                0.0,
                1.0
            ]
        ]
    },
    "RightLowerArm": {
        "location": [
            0.05807049572467804,
            1.30385160446167e-08,
            -0.14126771688461304
        ],
        "rotation": [
            1.6373849686743512e-05,
            -45.00000125223908,
            -1.4374262133166598e-05
        ],
        "scale": [
            0.9999996423721313,
            0.9999997019767761,
            1.000001072883606
        ],
        "head_world": [
            -0.2915715277194977,
            0.015933217480778694,
            1.1335253715515137
        ],
        "head_world_transformed": [
            -0.23350103199481964,
            0.01593323051929474,
            0.9922576546669006
        ],
        "delta_matrix": [
            [
                0.7071065306663513,
                1.5328259905800223e-07,
                -0.707107663154602,
                0.774195671081543
            ],
            [
                -1.7739762370183598e-07,
                0.9999997019767761,
                4.908361006528139e-08,
                -9.078939910978079e-08
            ],
            [
                0.7071065306663513,
                2.020751708187163e-07,
                0.707107424736023,
                0.39690545201301575
            ],
            [
                0.0,
                0.0,
                0.0,
                1.0
            ]
        ]
    },
    "RightHand": {
        "location": [
            0.12113165855407715,
            2.7939677238464355e-08,
            -0.28564321994781494
        ],
        "rotation": [
            1.597699788469671e-05,
            -45.00000125223908,
            -1.371599784473994e-05
        ],
        "scale": [
            0.9999998211860657,
            0.9999997615814209,
            1.0000011920928955
        ],
        "head_world": [
            -0.4973796010017395,
            0.013138236477971077,
            1.129591703414917
        ],
        "head_world_transformed": [
            -0.37624794244766235,
            0.013138264417648315,
            0.843948483467102
        ],
        "delta_matrix": [
            [
                0.7071066498756409,
                1.5029490896267816e-07,
                -0.707107663154602,
                0.7741953730583191
            ],
            [
                -1.6927378965192474e-07,
                0.9999997615814209,
                5.063208163846866e-08,
                -1.1179781722603366e-07
            ],
            [
                0.7071066498756409,
                1.9717754184966907e-07,
                0.7071076035499573,
                0.3969061076641083
            ],
            [
                0.0,
                0.0,
                0.0,
                1.0
            ]
        ]
    },
    "RightThumbProximal": {
        "location": [
            0.13177824020385742,
            -9.406358003616333e-08,
            -0.30235373973846436
        ],
        "rotation": [
            8.753783756029895e-06,
            -44.9999978371445,
            -7.2445076623704015e-06
        ],
        "scale": [
            1.0000001192092896,
            0.9999998211860657,
            1.0000003576278687
        ],
        "head_world": [
            -0.5228737592697144,
            -0.0071882568299770355,
            1.1250956058502197
        ],
        "head_world_transformed": [
            -0.39109551906585693,
            -0.007188350893557072,
            0.8227418661117554
        ],
        "delta_matrix": [
            [
                0.70710688829422,
                2.384185791015625e-07,
                -0.7071070075035095,
                0.7741951942443848
            ],
            [
                -8.940696716308594e-08,
                0.9999998211860657,
                1.9371509552001953e-07,
                -4.600733518600464e-07
            ],
            [
                0.7071068286895752,
                1.0803341865539551e-07,
                0.7071071267127991,
                0.396906316280365
            ],
            [
                0.0,
                0.0,
                0.0,
                1.0
            ]
        ]
    },
    "RightThumbIntermediate": {
        "location": [
            0.1456039547920227,
            5.029141902923584e-08,
            -0.3142440915107727
        ],
        "rotation": [
            1.871498545578819e-05,
