{
    "Hips": {
        "location": [
            0.0,
            -9.313225746154785e-10,
            1.1920928955078125e-07
        ],
        "rotation": [
            -1.798608903743959e-05,
            -8.337650160872467e-13,
            -8.142219984546603e-13
        ],
        "scale": [
            1.0,
            1.0,
            1.0
        ],
        "head_world": [
            6.850303435612659e-08,
            -0.011989150196313858,
            0.8385283946990967
        ],
        "head_world_transformed": [
            6.850303435612659e-08,
            -0.011989151127636433,
            0.8385285139083862
        ],
        "delta_matrix": [
            [
                1.0,
                1.4210850480037267e-14,
                -1.455195149492952e-14,
                1.3978575411175299e-14
            ],
            [
                -1.4210854715202004e-14,
                1.0,
                3.1391647326017846e-07,
                -2.641773164668848e-07
            ],
            [
                1.4551944718665943e-14,
                -3.1391647326017846e-07,
                1.0,
                1.1206305572386555e-07
            ],
            [
                0.0,
                0.0,
                0.0,
                1.0
            ]
        ]
    },
    "Spine": {
        "location": [
            1.4210854715202004e-14,
            4.6566128730773926e-09,
            5.960464477539063e-08
        ],
        "rotation": [
            -1.456751283916782e-05,
            -2.2263873670604684e-14,
            -2.442673760390059e-12
        ],
        "scale": [
            1.0,
            1.0,
            1.0
        ],
        "head_world": [
            6.850302725069923e-08,
            -0.011989139020442963,
            0.8680450320243835
        ],
        "head_world_transformed": [
            6.850304146155395e-08,
            -0.01198913436383009,
            0.8680450916290283
        ],
        "delta_matrix": [
            [
                1.0,
                4.2633583973274505e-14,
                -3.6338695466032708e-16,
                1.879333684116566e-14
            ],
            [
                -4.263269967087757e-14,
                1.0,
                2.5425106287002563e-07,
                -2.1606685152164573e-07
            ],
            [
                3.885778998001272e-16,
                -2.5425106287002563e-07,
                1.0,
                -3.393870429135859e-08
            ],
            [
                0.0,
                0.0,
                0.0,
                1.0
            ]
        ]
    },
    "Chest": {
        "location": [
            1.4210854715202004e-14,
            3.5390257835388184e-08,
            5.960464477539063e-08
        ],
        "rotation": [
            -1.483431873206544e-05,
            -2.3345165684790436e-14,
            -3.916760298160691e-12
        ],
        "scale": [
            0.9999998807907104,
            0.9999999403953552,
            1.0
        ],
        "head_world": [
            6.850302725069923e-08,
            -0.012282784096896648,
            0.9886237978935242
        ],
        "head_world_transformed": [
            6.850304146155395e-08,
            -0.012282748706638813,
            0.988623857498169
        ],
        "delta_matrix": [
            [
                0.9999998807907104,
                5.960375015811106e-14,
                1.0726689718756899e-15,
                2.4096020588993544e-14
            ],
            [
                -6.836035643803529e-14,
                0.9999999403953552,
                2.551823854446411e-07,
                -2.1699814567455178e-07
            ],
            [
                4.074499526836306e-16,
                -2.5890767574310303e-07,
                1.0,
                6.088521331548691e-08
            ],
            [
                0.0,
                0.0,
                0.0,
                1.0
            ]
        ]
    },
    "Neck": {
        "location": [
            4.973799150320701e-14,
            8.381903171539307e-08,
            3.5762786865234375e-07
        ],
        "rotation": [
            -1.1952835118632307e-05,
            6.615554708072374e-13,
            2.442666305965024e-11
        ],
        "scale": [
            0.9999998807907104,
            0.9999997019767761,
            1.0000001192092896
        ],
        "head_world": [
            6.850301303984452e-08,
            -0.007181902881711721,
            1.169925570487976
        ],
        "head_world_transformed": [
            6.850306277783602e-08,
            -0.007181819062680006,
            1.1699259281158447
        ],
        "delta_matrix": [
            [
                0.9999998807907104,
                -2.853427129995145e-13,
                1.7741343943532446e-14,
                3.6044545169769404e-14
            ],
            [
                4.263256414560601e-13,
                0.9999997019767761,
                1.7508864402770996e-07,
                -1.1874364957975558e-07
            ],
            [
                -1.1546319456101628e-14,
                -2.086162567138672e-07,
                1.0000001192092896,
                1.0582152754068375e-07
            ],
            [
                0.0,
                0.0,
                0.0,
                1.0
            ]
        ]
    },
    "Head": {
        "location": [
            4.973799150320701e-14,
            9.313225746154785e-08,
            3.5762786865234375e-07
        ],
        "rotation": [
            -1.0778887398594381e-05,
            8.694453109146999e-13,
            1.3488507218330519e-11
        ],
        "scale": [
            1.0,
            1.0000004768371582,
            1.0000003576278687
        ],
        "head_world": [
            6.850301303984452e-08,
            -0.009282136335968971,
            1.222914457321167
        ],
        "head_world_transformed": [
            6.850306277783602e-08,
            -0.00928204320371151,
            1.2229148149490356
        ],
        "delta_matrix": [
            [
                1.0,
                -4.04559361271567e-13,
                1.0521450247505393e-14,
                3.519832537414447e-14
            ],
            [
                2.354188621388892e-13,
                1.0000004768371582,
                1.9744038581848145e-07,
                -1.4156104555240745e-07
            ],
            [
                -1.5174683341487305e-14,
                -1.8812716007232666e-07,
                1.0000003576278687,
                2.4563632905483246e-08
            ],
            [
                0.0,
                0.0,
                0.0,
                1.0
            ]
        ]
    },
    "LeftEye": {
        "location": [
            0.0,
            1.0058283805847168e-07,
            0.0
        ],
        "rotation": [
            -1.1365864922612337e-05,
            6.955109592171613e-13,
            2.6778569877211775e-12
        ],
        "scale": [
            1.0,
            1.0000007152557373,
            1.000000238418579
        ],
        "head_world": [
            0.027131574228405952,
            -0.04067649319767952,
            1.2998464107513428
        ],
        "head_world_transformed": [
            0.027131574228405952,
            -0.04067639261484146,
            1.2998464107513428
        ],
        "delta_matrix": [
            [
                1.0,
                -2.0432124687910086e-13,
                9.167014071659665e-15,
                -3.7155178933545585e-10
            ],
            [
                4.673742133327191e-14,
                1.0000007152557373,
                2.0768476360899513e-07,
                -1.470378094836633e-07
            ],
            [
                -1.2138956222043466e-14,
                -1.9837190734506294e-07,
                1.000000238418579,
                -1.4005006221395888e-07
            ],
            [
                0.0,
                0.0,
                0.0,
                1.0
            ]
        ]
    },
    "RightEye": {
        "location": [
            0.0,
            1.0803341865539551e-07,
            0.0
        ],
        "rotation": [
            -1.1365864922612337e-05,
            6.446187841776619e-13,
            2.6778569877211775e-12
        ],
        "scale": [
            1.0,
            1.0000007152557373,
            1.000000238418579
        ],
        "head_world": [
            -0.027131574228405952,
            -0.040676508098840714,
            1.2998464107513428
        ],
        "head_world_transformed": [
            -0.027131574228405952,
            -0.04067640006542206,
            1.2998464107513428
        ],
        "delta_matrix": [
            [
                1.0,
                -2.0432124687910086e-13,
                8.278870380310378e-15,
                -3.7155389875920264e-10
            ],
            [
                4.673742133327191e-14,
                1.0000007152557373,
                2.0768476360899513e-07,
                -1.3390612707553373e-07
            ],
            [
                -1.1250720204102928e-14,
                -1.9837190734506294e-07,
                1.000000238418579,
                -1.397321653939798e-07
            ],
            [
                0.0,
                0.0,
                0.0,
                1.0
            ]
        ]
    },
    "Jaw": {
        "location": [
            1.2789769243681803e-13,
            8.940696716308594e-08,
            4.76837158203125e-07
        ],
        "rotation": [
            5.015919764617115e-06,
            -9.203046787190206e-12,
            -6.957075114397553e-13
        ],
        "scale": [
            1.0,
            1.000000238418579,
            1.0000001192092896
        ],
        "head_world": [
            6.850302725069923e-08,
            -0.10785254836082458,
            1.3123199939727783
        ],
        "head_world_transformed": [
            6.850315514839167e-08,
            -0.10785245895385742,
            1.3123204708099365
        ],
        "delta_matrix": [
            [
                1.0,
                -5.231942808679724e-13,
                -1.345791967449772e-13,
                2.463829921334204e-13
            ],
            [
                -1.2142386705479846e-14,
                1.000000238418579,
                -8.568166265376931e-08,
                2.421439546651527e-07
            ],
            [
                1.60623467651555e-13,
                8.75443362247097e-08,
                1.0000001192092896,
                1.9883736968040466e-07
            ],
            [
                0.0,
                0.0,
                0.0,
                1.0
            ]
        ]
    },
    "LeftShoulder": {
        "location": [
            -3.725290298461914e-09,
            7.450580596923828e-08,
            5.960464477539062e-07
        ],
        "rotation": [
            -1.995698829312295e-05,
            -0.00012498295951482257,
            7.012673418528408e-06
        ],
        "scale": [
            0.9999998211860657,
            1.0000001192092896,
            1.0
        ],
        "head_world": [
            0.04311273247003555,
            0.014837844297289848,
            1.147341251373291
        ],
        "head_world_transformed": [
            0.043112728744745255,
            0.014837918803095818,
            1.1473418474197388
        ],
        "delta_matrix": [
            [
                0.9999998211860657,
                -1.2239347313425242e-07,
                -2.1813641524204286e-06,
                2.502293455108884e-06
            ],
            [
                1.223942120986976e-07,
                1.0000001192092896,
                3.483148702798644e-07,
                -3.3409358479730145e-07
            ],
            [
                2.1813636976730777e-06,
                -3.4831518291866814e-07,
                1.0,
                5.068869199931214e-07
            ],
            [
                0.0,
                0.0,
                0.0,
                1.0
            ]
        ]
    },
    "LeftUpperArm": {
        "location": [
            -1.4901161193847656e-08,
            8.102506399154663e-08,
            7.152557373046875e-07
        ],
        "rotation": [
            -1.9754567818975132e-05,
            -0.00012513972004774105,
            7.187611457562387e-06
        ],
        "scale": [
            1.000000238418579,
            0.9999998211860657,
            1.000000238418579
        ],
        "head_world": [
            0.0924961268901825,
            0.014837839640676975,
            1.147341251373291
        ],
        "head_world_transformed": [
            0.0924961119890213,
            0.014837920665740967,
            1.1473419666290283
        ],
        "delta_matrix": [
            [
                1.000000238418579,
                -1.1486736184451729e-07,
                -2.173604343624902e-06,
                2.4552573449909687e-06
            ],
            [
                1.2544751371024176e-07,
                0.9999998211860657,
                3.4486492950236425e-07,
                -3.2750540412962437e-07
            ],
            [
                2.184100594604388e-06,
                -3.447821654845029e-07,
                1.000000238418579,
                5.051977609582536e-07
            ],
            [
                0.0,
                0.0,
                0.0,
                1.0
            ]
        ]
    },
    "LeftLowerArm": {
        "location": [
            -5.960464477539063e-08,
            1.1455267667770386e-07,
            1.0728836059570312e-06
        ],
        "rotation": [
            -1.9790204687403496e-05,
            -0.0001246167680563496,
            6.636339196620666e-06
        ],
        "scale": [
            1.0,
            1.0000001192092896,
            1.0000003576278687
        ],
        "head_world": [
            0.3159695267677307,
            0.014186371117830276,
            1.1516029834747314
        ],
        "head_world_transformed": [
            0.31596946716308594,
            0.014186485670506954,
            1.1516040563583374
        ],
        "delta_matrix": [
            [
                1.0,
                -8.751521818339825e-08,
                -2.1834894141647965e-06,
                2.4601758923381567e-06
            ],
            [
                1.1582596926018596e-07,
                1.0000001192092896,
                3.451714292168617e-07,
                -3.243330866098404e-07
            ],
            [
                2.1749729057773948e-06,
                -3.454042598605156e-07,
                1.0000003576278687,
                -1.96232576854527e-08
            ],
            [
                0.0,
                0.0,
                0.0,
                1.0
            ]
        ]
    },
    "LeftHand": {
        "location": [
            -5.960464477539063e-08,
            1.387670636177063e-07,
            1.5497207641601562e-06
        ],
        "rotation": [
            -1.9073171483572376e-05,
            -0.00012230136821623206,
            3.255010805001204e-06
        ],
        "scale": [
            1.0000003576278687,
            0.9999999403953552,
            1.0000005960464478
        ],
        "head_world": [
            0.5171021223068237,
            0.010566218756139278,
            1.1556344032287598
        ],
        "head_world_transformed": [
            0.517102062702179,
            0.010566357523202896,
            1.155635952949524
        ],
        "delta_matrix": [
            [
                1.0000003576278687,
                -5.8906152844429016e-08,
                -2.117070835083723e-06,
                2.1790037862956524e-06
            ],
            [
                5.681067705154419e-08,
                0.9999999403953552,
                3.050081431865692e-07,
                -2.491287887096405e-07
            ],
            [
                2.13456223718822e-06,
                -3.328896127641201e-07,
                1.0000005960464478,
                -1.3504177331924438e-07
            ],
            [
                0.0,
                0.0,
                0.0,
                1.0
            ]
        ]
    },
    "LeftIndexProximal": {
        "location": [
            2.384185791015625e-07,
            1.2759119272232056e-07,
            1.430511474609375e-06
        ],
        "rotation": [
            -1.7830862498766198e-05,
            -0.00012324103251265664,
            -13.36225338935914
        ],
        "scale": [
            1.000000238418579,
            1.0,
            1.0000005960464478
        ],
        "head_world": [
            0.5905627608299255,
            -0.012973668053746223,
            1.1503372192382812
        ],
        "head_world_transformed": [
            0.5905629992485046,
            -0.012973540462553501,
            1.1503386497497559
        ],
        "delta_matrix": [
            [
                0.9729285836219788,
                0.23110713064670563,
                -1.998618245124817e-06,
                0.018988195806741714
            ],
            [
                -0.23110704123973846,
                0.9729283452033997,
                7.841736078262329e-07,
                0.13613121211528778
            ],
            [
                2.1509622456505895e-06,
                -3.112072590738535e-07,
                1.0000005960464478,
                -4.6100467443466187e-07
            ],
            [
                0.0,
                0.0,
                0.0,
                1.0
            ]
        ]
    },
    "LeftIndexIntermediate": {
        "location": [
            -0.0007382035255432129,
            -0.006684605032205582,
            1.5497207641601562e-06
        ],
        "rotation": [
            -2.1559455351393573e-05,
            -0.00012387051079654993,
            -13.362252535585492
        ],
        "scale": [
            1.0000003576278687,
            0.9999998807907104,
            1.0000008344650269
        ],
        "head_world": [
            0.6194652915000916,
            -0.012783236801624298,
            1.1487911939620972
        ],
        "head_world_transformed": [
            0.6187270879745483,
            -0.01946784183382988,
            1.1487927436828613
        ],
        "delta_matrix": [
            [
                0.9729287624359131,
                0.23110710084438324,
                -1.993030309677124e-06,
                0.01898811012506485
            ],
            [
                -0.23110707104206085,
                0.9729282259941101,
                7.711350917816162e-07,
                0.13613125681877136
            ],
            [
                2.1619489416480064e-06,
                -3.7628342397511005e-07,
                1.0000008344650269,
                -1.043081283569336e-06
            ],
            [
                0.0,
                0.0,
                0.0,
                1.0
            ]
        ]
    },
    "LeftIndexDistal": {
        "location": [
            -0.0012047886848449707,
            -0.011273215524852276,
            1.6689300537109375e-06
        ],
        "rotation": [
            -2.0766535028862486e-05,
            -0.00012392130522170152,
            -13.362252535585492
        ],
        "scale": [
            1.000000238418579,
            1.0000003576278687,
            1.0000005960464478
        ],
        "head_world": [
            0.6392845511436462,
            -0.012480954639613628,
            1.1482367515563965
        ],
        "head_world_transformed": [
            0.6380797624588013,
            -0.023754170164465904,
            1.1482384204864502
        ],
        "delta_matrix": [
            [
                0.9729285836219788,
                0.2311072051525116,
                -2.005763235501945e-06,
                0.018988240510225296
            ],
            [
                -0.23110702633857727,
                0.9729286432266235,
                7.527705747634172e-07,
                0.13613121211528778
            ],
            [
                2.162835244234884e-06,
                -3.624445525929332e-07,
                1.0000005960464478,
                -4.3269028537906706e-07
            ],
            [
                0.0,
                0.0,
                0.0,
                1.0
            ]
        ]
    },
    "LeftThumbProximal": {
        "location": [
            2.384185791015625e-07,
            1.1827796697616577e-07,
            1.430511474609375e-06
        ],
        "rotation": [
            -2.0490567510038253e-05,
            -0.000126358434507476,
            -1.1525938524842529e-05
        ],
        "scale": [
            1.0000004768371582,
            1.0,
            1.0000008344650269
        ],
        "head_world": [
            0.5359722971916199,
            -0.011271818540990353,
            1.144748330116272
        ],
        "head_world_transformed": [
            0.535972535610199,
            -0.011271700263023376,
            1.1447497606277466
        ],
        "delta_matrix": [
            [
                1.0000004768371582,
                -7.450580596923828e-09,
                -1.9371509552001953e-06,
                2.2426247596740723e-06
            ],
            [
                -2.0116567611694336e-07,
                1.0,
                5.364418029785156e-07,
                -3.427267074584961e-07
            ],
            [
                2.205371856689453e-06,
                -3.5762786865234375e-07,
                1.0000008344650269,
                -7.227063179016113e-07
            ],
            [
                0.0,
                0.0,
                0.0,
                1.0
            ]
        ]
    },
    "LeftThumbIntermediate": {
        "location": [
            2.384185791015625e-07,
            2.9802322387695312e-08,
            2.0265579223632812e-06
        ],
        "rotation": [
            -1.7075469668143883e-05,
            -0.0001152593771062053,
            -8.537731577183949e-06
        ],
        "scale": [
            1.0000005960464478,
            1.000000238418579,
            1.0000008344650269
        ],
        "head_world": [
            0.5583457350730896,
            -0.03305378183722496,
            1.1388813257217407
        ],
        "head_world_transformed": [
            0.5583459734916687,
            -0.03305375203490257,
            1.138883352279663
        ],
        "delta_matrix": [
            [
                1.0000005960464478,
                -2.8312206268310547e-07,
                -1.9222497940063477e-06,
                2.130866050720215e-06
            ],
            [
                -1.4901161193847656e-07,
                1.000000238418579,
                4.917383193969727e-07,
                -4.284083843231201e-07
            ],
            [
                2.0116567611694336e-06,
                -2.980232238769531e-07,
                1.0000008344650269,
                -7.450580596923828e-08
            ],
            [
                0.0,
                0.0,
                0.0,
                1.0
            ]
        ]
    },
    "LeftThumbDistal": {
        "location": [
            2.980232238769531e-07,
            2.2351741790771484e-08,
            2.0265579223632812e-06
        ],
        "rotation": [
            -1.9636787350010672e-05,
            -9.562257021486666e-05,
            -1.7075458269035904e-05
        ],
        "scale": [
            1.0000008344650269,
            1.0000003576278687,
            1.0000008344650269
        ],
        "head_world": [
            0.5768550038337708,
            -0.049868352711200714,
            1.1328566074371338
        ],
        "head_world_transformed": [
            0.5768553018569946,
            -0.04986833035945892,
            1.1328586339950562
        ],
        "delta_matrix": [
            [
                1.0000008344650269,
                -5.513429641723633e-07,
                -2.0712614059448242e-06,
                2.1420419216156006e-06
            ],
            [
                -2.980232238769531e-07,
                1.0000003576278687,
                6.258487701416016e-07,
                -4.6193599700927734e-07
            ],
            [
                1.6689300537109375e-06,
                -3.427267074584961e-07,
                1.0000008344650269,
                1.1920928955078125e-07
            ],
            [
                0.0,
                0.0,
                0.0,
                1.0
            ]
        ]
    },
    "LeftMiddleProximal": {
        "location": [
            2.980232238769531e-07,
            1.264270395040512e-07,
            1.7881393432617188e-06
        ],
        "rotation": [
            -1.9642630207071583e-05,
            -0.00012111596520689788,
            3.5714235802656734e-06
        ],
        "scale": [
            1.0000004768371582,
            1.0,
            1.0000003576278687
        ],
        "head_world": [
            0.59254390001297,
            0.002708928659558296,
            1.1511961221694946
        ],
        "head_world_transformed": [
            0.5925441980361938,
            0.0027090550865978003,
            1.151197910308838
        ],
        "delta_matrix": [
            [
                1.0000004768371582,
                -6.930713425390422e-08,
                -2.1512721559702186e-06,
                2.4820435555739095e-06
            ],
            [
                6.233312888070941e-08,
                1.0,
                3.158638719469309e-07,
                -2.750311978161335e-07
            ],
            [
                2.113873279085965e-06,
                -3.4282857086509466e-07,
                1.0000003576278687,
                2.6335294478485594e-07
            ],
            [
                0.0,
                0.0,
                0.0,
                1.0
            ]
        ]
    },
    "LeftMiddleIntermediate": {
        "location": [
            2.980232238769531e-07,
            1.280568540096283e-07,
            1.9073486328125e-06
        ],
        "rotation": [
            -1.9799367941774103e-05,
            -0.00012224842424500454,
            3.5213969664586206e-06
        ],
        "scale": [
            1.0000007152557373,
            1.0000004768371582,
            1.0000005960464478
        ],
        "head_world": [
            0.6217174530029297,
            0.002680296776816249,
            1.1495851278305054
        ],
        "head_world_transformed": [
            0.6217177510261536,
            0.0026804248336702585,
            1.1495870351791382
        ],
        "delta_matrix": [
            [
                1.0000007152557373,
                -6.705522537231445e-08,
                -2.1744726836914197e-06,
                2.3567663447465748e-06
            ],
            [
                6.14600139670074e-08,
                1.0000004768371582,
                3.1855597626417875e-07,
                -2.782326191663742e-07
            ],
            [
                2.1336391000659205e-06,
                -3.4556433092802763e-07,
                1.0000005960464478,
                -4.6630702854599804e-08
            ],
            [
                0.0,
                0.0,
                0.0,
                1.0
            ]
        ]
    },
    "LeftMiddleDistal": {
        "location": [
            2.980232238769531e-07,
            1.2898817658424377e-07,
            1.9073486328125e-06
        ],
        "rotation": [
            -1.9500838331372694e-05,
            -0.00012161464686895942,
            3.5810118585194753e-06
        ],
        "scale": [
            1.0000004768371582,
            1.0,
            1.0000007152557373
        ],
        "head_world": [
            0.6425767540931702,
            0.0025593696627765894,
            1.148849368095398
        ],
        "head_world_transformed": [
            0.642577052116394,
            0.0025594986509531736,
            1.1488512754440308
        ],
        "delta_matrix": [
            [
                1.0000004768371582,
                -6.813934305682778e-08,
                -2.154196408810094e-06,
                2.4374676286242902e-06
            ],
            [
                6.250047590583563e-08,
                1.0,
                3.25964720104821e-07,
                -2.8603244572877884e-07
            ],
            [
                2.1225769160082564e-06,
                -3.403538357815705e-07,
                1.0000007152557373,
                -2.74812919087708e-07
            ],
            [
                0.0,
                0.0,
                0.0,
                1.0
            ]
        ]
    },
    "LeftRingProximal": {
        "location": [
            2.980232238769531e-07,
            1.3597309589385986e-07,
            1.5497207641601562e-06
        ],
        "rotation": [
            -2.2384874530770982e-05,
            -0.00012240969231090646,
            9.867789444876276
        ],
        "scale": [
            1.0000009536743164,
            1.0000001192092896,
            1.0000005960464478
        ],
        "head_world": [
            0.5859208703041077,
            0.01900937780737877,
            1.1490859985351562
        ],
        "head_world_transformed": [
            0.5859211683273315,
            0.019009513780474663,
            1.1490875482559204
        ],
        "delta_matrix": [
            [
                0.9852067232131958,
                -0.17137543857097626,
                -2.196989953517914e-06,
                0.0119281355291605
            ],
            [
                0.17137542366981506,
                0.985205888748169,
                -1.0710209608078003e-08,
                -0.1001310795545578
            ],
            [
                2.1364539861679077e-06,
                -3.9068982005119324e-07,
                1.0000005960464478,
                -4.284083843231201e-07
            ],
            [
                0.0,
                0.0,
                0.0,
                1.0
            ]
        ]
    },
    "LeftRingIntermediate": {
        "location": [
            -0.00017464160919189453,
            0.004608636721968651,
            1.5497207641601562e-06
        ],
        "rotation": [
            -1.9830228583959532e-05,
            -0.0001230767159995925,
            9.867789444876276
        ],
        "scale": [
            1.0000007152557373,
            0.9999999403953552,
            1.0000007152557373
        ],
        "head_world": [
            0.6127009987831116,
            0.017718719318509102,
            1.148055076599121
        ],
        "head_world_transformed": [
            0.6125263571739197,
            0.022327356040477753,
            1.1480566263198853
        ],
        "delta_matrix": [
            [
                0.9852065443992615,
                -0.17137539386749268,
                -2.196524292230606e-06,
                0.01192841399461031
            ],
            [
                0.17137537896633148,
                0.9852057695388794,
                2.7939677238464355e-09,
                -0.10013110935688019
            ],
            [
                2.148095518350601e-06,
                -3.461027517914772e-07,
                1.0000007152557373,
                -7.105991244316101e-07
            ],
            [
                0.0,
                0.0,
                0.0,
                1.0
            ]
        ]
    },
    "LeftRingDistal": {
        "location": [
            -0.0003311634063720703,
            0.00813821330666542,
            1.7881393432617188e-06
        ],
        "rotation": [
            -2.8221214558805994e-05,
            -0.00012198276640512475,
            9.86778859110263
        ],
        "scale": [
            1.000001072883606,
            1.000000238418579,
            1.0000005960464478
        ],
        "head_world": [
            0.633222222328186,
            0.01686105690896511,
            1.1477150917053223
        ],
        "head_world_transformed": [
            0.632891058921814,
            0.02499927021563053,
            1.1477168798446655
        ],
        "delta_matrix": [
            [
                0.9852069616317749,
                -0.17137545347213745,
                -2.1941959857940674e-06,
                0.011928236111998558
            ],
            [
                0.17137543857097626,
                0.9852060079574585,
                -1.200241968035698e-07,
                -0.10013101994991302
            ],
            [
                2.129003405570984e-06,
                -4.925532266497612e-07,
                1.0000005960464478,
                -4.116445779800415e-07
            ],
            [
                0.0,
                0.0,
                0.0,
                1.0
            ]
        ]
    },
    "LeftLittleProximal": {
        "location": [
            1.7881393432617188e-07,
            1.3597309589385986e-07,
            1.5497207641601562e-06
        ],
        "rotation": [
            -2.4872821039913023e-05,
            -0.00012260983459190262,
            20.51564284202866
        ],
        "scale": [
            1.0000004768371582,
            1.000000238418579,
            1.0000007152557373
        ],
        "head_world": [
            0.5804243087768555,
            0.0293339304625988,
            1.1429784297943115
        ],
        "head_world_transformed": [
            0.5804244875907898,
            0.029334066435694695,
            1.1429799795150757
        ],
        "delta_matrix": [
            [
                0.9365770220756531,
                -0.35046347975730896,
                -2.089887857437134e-06,
                0.04709528759121895
            ],
            [
                0.35046330094337463,
                0.9365767240524292,
                -4.4330954551696777e-07,
                -0.20155631005764008
            ],
            [
                2.1399464458227158e-06,
                -4.341127350926399e-07,
                1.0000007152557373,
                -4.600733518600464e-07
            ],
            [
                0.0,
                0.0,
                0.0,
                1.0
            ]
        ]
    },
    "LeftLittleIntermediate": {
        "location": [
            -0.0012788772583007812,
            0.007893864065408707,
            1.5497207641601562e-06
        ],
        "rotation": [
            -2.2471584288274412e-05,
            -0.0001234769484513769,
            23.494723763630812
        ],
        "scale": [
            1.0000004768371582,
            1.000000238418579,
            1.0000007152557373
        ],
        "head_world": [
            0.6028732657432556,
            0.028920944780111313,
            1.1422089338302612
        ],
        "head_world_transformed": [
            0.6015943884849548,
            0.03681480884552002,
            1.1422104835510254
        ],
        "delta_matrix": [
            [
                0.9170972108840942,
                -0.39866501092910767,
                -2.0852312445640564e-06,
                0.060233164578676224
            ],
            [
                0.39866480231285095,
                0.9170969128608704,
                -5.317851901054382e-07,
                -0.23005221784114838
            ],
            [
                2.1550804376602173e-06,
                -3.922032192349434e-07,
                1.0000007152557373,
                -4.0978193283081055e-07
            ],
            [
                0.0,
                0.0,
                0.0,
                1.0
            ]
        ]
    },
    "LeftLittleDistal": {
        "location": [
            -0.001952528953552246,
            0.013351913541555405,
            1.5497207641601562e-06
        ],
        "rotation": [
            -2.1237622707396393e-05,
            -0.0001233703049109073,
            23.494725471178104
        ],
        "scale": [
            0.9999998211860657,
            0.9999999403953552,
            1.0000004768371582
        ],
        "head_world": [
            0.6163337230682373,
            0.0278104767203331,
            1.142008900642395
        ],
        "head_world_transformed": [
            0.6143811941146851,
            0.041162390261888504,
            1.1420104503631592
        ],
        "delta_matrix": [
            [
                0.9170966148376465,
                -0.3986648619174957,
                -2.0712614059448242e-06,
                0.06023302674293518
            ],
            [
                0.39866459369659424,
                0.9170966148376465,
                -4.842877388000488e-07,
                -0.2300524264574051
            ],
            [
                2.1532177925109863e-06,
                -3.7066638469696045e-07,
                1.0000004768371582,
                -4.079192876815796e-07
            ],
            [
                0.0,
                0.0,
                0.0,
                1.0
            ]
        ]
    },
    "RightShoulder": {
        "location": [
            7.450580596923828e-09,
            7.82310962677002e-08,
            4.76837158203125e-07
        ],
        "rotation": [
            -2.5719984831981162e-05,
            -0.0002495651394206778,
            9.332649186277246e-06
        ],
        "scale": [
            0.9999998807907104,
            1.0000001192092896,
            1.000000238418579
        ],
        "head_world": [
            -0.043112706393003464,
            0.014837834984064102,
            1.147341251373291
        ],
        "head_world_transformed": [
            -0.04311269894242287,
            0.01483791321516037,
            1.1473417282104492
        ],
        "delta_matrix": [
            [
                0.9999998807907104,
                -1.6288349513615685e-07,
                -4.355734290584223e-06,
                5.0007461140921805e-06
            ],
            [
                1.6288544202325284e-07,
                1.0000001192092896,
                4.488978220251738e-07,
                -4.317617765536852e-07
            ],
            [
                4.355732926342171e-06,
                -4.488984757244907e-07,
                1.000000238418579,
                4.3478965494614386e-07
            ],
            [
                0.0,
                0.0,
                0.0,
                1.0
            ]
        ]
    },
    "RightUpperArm": {
        "location": [
            1.4901161193847656e-08,
            6.984919309616089e-08,
            2.384185791015625e-07
        ],
        "rotation": [
            -2.5549634933908475e-05,
            -0.0002495658689635884,
            9.198439345827969e-06
        ],
        "scale": [
            1.000000238418579,
            1.0,
            1.0000003576278687
        ],
        "head_world": [
            -0.0924961268901825,
            0.014837837778031826,
            1.147341251373291
        ],
        "head_world_transformed": [
            -0.0924961119890213,
            0.014837907627224922,
            1.1473414897918701
        ],
        "delta_matrix": [
            [
                1.000000238418579,
                -1.6940384739427827e-07,
                -4.363791958894581e-06,
                5.063266144134104e-06
            ],
            [
                1.6054309526225552e-07,
                1.0,
                4.4598527892958373e-07,
                -4.2830652091652155e-07
            ],
            [
                4.355747023510048e-06,
                -4.459252522792667e-07,
                1.0000003576278687,
