{
    "Hips": {
        "location": [
            -7.100914366058031e-16,
            3.5152070143595893e-10,
            -2.8318076772393397e-09
        ],
        "rotation": [
            -8.599159738492079e-19,
            -0.0,
            2.244577850611689e-19
        ],
        "scale": [
            1.0,
            1.0,
            1.0
        ],
        "head_world": [
            0.0,
            -0.017381377518177032,
            0.8210064172744751
        ],
        "head_world_transformed": [
            -4.440892098500626e-16,
            -0.017381377518177032,
            0.8210064172744751
        ],
        "delta_matrix": [
            [
                1.0,
                3.917527381051139e-21,
                -1.6940658945086007e-21,
                -7.100914366058031e-16
            ],
            [
                3.917527381051139e-21,
                1.0,
                -1.5008365034162134e-20,
                3.5152070143595893e-10
            ],
            [
                0.0,
                -1.5008365034162134e-20,
                1.0,
                -2.8318076772393397e-09
            ],
            [
                0.0,
                0.0,
                0.0,
                1.0
            ]
        ]
    },
    "Spine": {
        "location": [
            4.4950671657106867e-11,
            9.092886443795578e-09,
            -6.243645600534364e-08
        ],
        "rotation": [
            4.319590341448509e-13,
            -3.816742661374336e-14,
            0.0
        ],
        "scale": [
            1.0000001192092896,
            1.0000001192092896,
            1.0
        ],
        "head_world": [
            1.960996257616295e-15,
            -0.017381371930241585,
            0.854894757270813
        ],
        "head_world_transformed": [
            1.5949642648283024e-11,
            -0.017381368204951286,
            0.8548946976661682
        ],
        "delta_matrix": [
            [
                1.0000001192092896,
                0.0,
                -3.2025976922506194e-16,
                4.4950671657106867e-11
            ],
            [
                0.0,
                1.0000001192092896,
                -4.930431063421281e-14,
                9.092886443795578e-09
            ],
            [
                6.6614736730225e-16,
                7.539108226595204e-15,
                1.0,
                -6.243645600534364e-08
            ],
            [
                0.0,
                0.0,
                0.0,
                1.0
            ]
        ]
    },
    "Chest": {
        "location": [
            2.825650269322466e-10,
            4.470348358154297e-08,
            9.313225746154785e-08
        ],
        "rotation": [
            -3.415093770784377e-06,
            -5.196957172447064e-09,
            -2.61693494747073e-08
        ],
        "scale": [
            1.0000004768371582,
            1.000000238418579,
            0.9999999403953552
        ],
        "head_world": [
            3.828382055814927e-11,
            -0.017381353303790092,
            0.950857937335968
        ],
        "head_world_transformed": [
            3.828352912460531e-11,
            -0.01738135516643524,
            0.9508579969406128
        ],
        "delta_matrix": [
            [
                1.0000004768371582,
                1.370223268182258e-09,
                -2.7212165853995884e-10,
                2.825650269322466e-10
            ],
            [
                -4.567415334832958e-10,
                1.000000238418579,
                -4.470348358154297e-08,
                4.470348358154297e-08
            ],
            [
                9.070405537769943e-11,
                -5.960464477539063e-08,
                0.9999999403953552,
                9.313225746154785e-08
            ],
            [
                0.0,
                0.0,
                0.0,
                1.0
            ]
        ]
    },
    "Neck": {
        "location": [
            2.981994651207742e-10,
            -2.2724270820617676e-07,
            -3.725290298461914e-08
        ],
        "rotation": [
            -7.257076807360546e-06,
            -7.66744984071917e-09,
            -2.5687447732145353e-08
        ],
        "scale": [
            1.0000003576278687,
            0.9999999403953552,
            1.000000238418579
        ],
        "head_world": [
            1.81153747558227e-09,
            0.01796727627515793,
            1.1370561122894287
        ],
        "head_world_transformed": [
            1.7742303182188834e-09,
            0.01796725019812584,
            1.1370562314987183
        ],
        "delta_matrix": [
            [
                1.0000003576278687,
                1.367349788949923e-09,
                -2.8650548600239745e-10,
                2.981994651207742e-10
            ],
            [
                -4.4833070589334056e-10,
                0.9999999403953552,
                1.564621925354004e-07,
                -2.2724270820617676e-07
            ],
            [
                1.3382228658542772e-10,
                -1.2665987014770508e-07,
                1.000000238418579,
                -3.725290298461914e-08
            ],
            [
                0.0,
                0.0,
                0.0,
                1.0
            ]
        ]
    },
    "Head": {
        "location": [
            3.20488580118905e-10,
            -1.592561460483921e-07,
            1.1062365956604481e-07
        ],
        "rotation": [
            -7.683962002042346e-06,
            -1.177015546319813e-08,
            -2.6148869883113354e-08
        ],
        "scale": [
            1.0000007152557373,
            1.000000238418579,
            1.000000238418579
        ],
        "head_world": [
            -9.381159737920086e-11,
            0.01274743489921093,
            1.1829378604888916
        ],
        "head_world_transformed": [
            -1.5728390811986515e-10,
            0.012747452594339848,
            1.1829379796981812
        ],
        "delta_matrix": [
            [
                1.0000007152557373,
                1.3700194312349367e-09,
                -3.103386436720257e-10,
                3.20488580118905e-10
            ],
            [
                -4.563842082028202e-10,
                1.000000238418579,
                1.4156101713069802e-07,
                -1.592561460483921e-07
            ],
            [
                2.0542811896007152e-10,
                -1.3411046495548362e-07,
                1.000000238418579,
                1.1062365956604481e-07
            ],
            [
                0.0,
                0.0,
                0.0,
                1.0
            ]
        ]
    },
    "LeftEye": {
        "location": [
            -2.2300774560335412e-09,
            -1.5345855786108586e-07,
            -2.0737421380090382e-07
        ],
        "rotation": [
            -7.788176718290553e-06,
            -1.0487055298463447e-08,
            -2.6141042538042272e-08
        ],
        "scale": [
            1.0000009536743164,
            1.000000238418579,
            1.000000238418579
        ],
        "head_world": [
            0.036158595234155655,
            -0.020525863394141197,
            1.2397940158843994
        ],
        "head_world_transformed": [
            0.036158621311187744,
            -0.020525846630334854,
            1.2397940158843994
        ],
        "delta_matrix": [
            [
                1.0000009536743164,
                1.369824587094115e-09,
                -3.030616591015445e-10,
                -2.2300774560335412e-09
            ],
            [
                -4.5624770628194256e-10,
                1.000000238418579,
                1.3592952541330305e-07,
                -1.5345855786108586e-07
            ],
            [
                1.830338242081453e-10,
                -1.3592935488304647e-07,
                1.000000238418579,
                -2.0737421380090382e-07
            ],
            [
                0.0,
                0.0,
                0.0,
                1.0
            ]
        ]
    },
    "RightEye": {
        "location": [
            -1.887352496510175e-09,
            -1.5501926498018292e-07,
            -2.1250545501061424e-07
        ],
        "rotation": [
            -7.78817834673455e-06,
            -1.049377819592139e-08,
            -2.612395341773877e-08
        ],
        "scale": [
            1.0000009536743164,
            1.000000238418579,
            1.000000238418579
        ],
        "head_world": [
            -0.036158591508865356,
            -0.02052585408091545,
            1.2397940158843994
        ],
        "head_world_transformed": [
            -0.03615862876176834,
            -0.020525837317109108,
            1.2397940158843994
        ],
        "delta_matrix": [
            [
                1.0000009536743164,
                1.370058844152311e-09,
                -3.0281513407892646e-10,
                -1.887352496510175e-09
            ],
            [
                -4.55949444866377e-10,
                1.000000238418579,
                1.3592949699159362e-07,
                -1.5501926498018292e-07
            ],
            [
                1.8315116090406036e-10,
                -1.359293833047559e-07,
                1.000000238418579,
                -2.1250545501061424e-07
            ],
            [
                0.0,
                0.0,
                0.0,
                1.0
            ]
        ]
    },
    "LeftShoulder": {
        "location": [
            2.3838850893298513e-08,
            -1.9560152964004374e-07,
            -3.8084860420894984e-07
        ],
        "rotation": [
            -1.7075472925031877e-06,
            -7.667476080295292e-09,
            -2.5678774359529003e-08
        ],
        "scale": [
            1.000000238418579,
            1.0,
            1.000000238418579
        ],
        "head_world": [
            0.047049835324287415,
            0.019040629267692566,
            1.1044644117355347
        ],
        "head_world_transformed": [
            0.0470498725771904,
            0.01904059760272503,
            1.1044642925262451
        ],
        "delta_matrix": [
            [
                1.000000238418579,
                1.367371105231996e-09,
                -2.864846138095345e-10,
                2.3838850893298513e-08
            ],
            [
                -4.481792714727817e-10,
                1.0,
                1.1920928955078125e-07,
                -1.9560152964004374e-07
            ],
            [
                1.3382273067463757e-10,
                -2.9802322387695312e-08,
                1.000000238418579,
                -3.8084860420894984e-07
            ],
            [
                0.0,
                0.0,
                0.0,
                1.0
            ]
        ]
    },
    "LeftUpperArm": {
        "location": [
            2.6768248062580824e-08,
            -1.7037564248312265e-07,
            -6.712074309689342e-07
        ],
        "rotation": [
            -5.9763642277752545e-06,
            1.8803004176931888e-07,
            6.404213257747726e-07
        ],
        "scale": [
            1.0000001192092896,
            1.0,
            1.000000238418579
        ],
        "head_world": [
            0.08582162857055664,
            0.019040541723370552,
            1.1044644117355347
        ],
        "head_world_transformed": [
            0.08582166582345963,
            0.019040528684854507,
            1.1044641733169556
        ],
        "delta_matrix": [
            [
                1.0000001192092896,
                -3.346872290421743e-08,
                1.003536453936249e-08,
                2.6768248062580824e-08
            ],
            [
                1.1177462511113845e-08,
                1.0,
                1.2665798010402796e-07,
                -1.7037564248312265e-07
            ],
            [
                -3.2817437656262882e-09,
                -1.0430723307308654e-07,
                1.000000238418579,
                -6.712074309689342e-07
            ],
            [
                0.0,
                0.0,
                0.0,
                1.0
            ]
        ]
    },
    "LeftLowerArm": {
        "location": [
            -7.631024345755577e-08,
            -1.2526288628578186e-07,
            -6.076259495557679e-08
        ],
        "rotation": [
            -6.830772967185643e-06,
            1.5652882314882486e-07,
            5.419460095047972e-07
        ],
        "scale": [
            1.000000238418579,
            1.0,
            1.000000238418579
        ],
        "head_world": [
            0.29824212193489075,
            0.018981309607625008,
            1.1044644117355347
        ],
        "head_world_transformed": [
            0.29824215173721313,
            0.018981320783495903,
            1.1044645309448242
        ],
        "delta_matrix": [
            [
                1.000000238418579,
                -3.4247932489961386e-08,
                9.894551844524813e-09,
                -7.631024345755577e-08
            ],
            [
                9.458744898438454e-09,
                1.0,
                1.1909696695511229e-07,
                -1.2526288628578186e-07
            ],
            [
                -2.7319440043527266e-09,
                -1.1921947873361205e-07,
                1.000000238418579,
                -6.076259495557679e-08
            ],
            [
                0.0,
                0.0,
                0.0,
                1.0
            ]
        ]
    },
    "LeftHand": {
        "location": [
            -1.4033867046236992e-07,
            -9.941868484020233e-08,
            -8.067231505037853e-08
        ],
        "rotation": [
            -7.258563576729724e-06,
            1.5913741232081142e-07,
            6.686777806758937e-07
        ],
        "scale": [
            1.0000005960464478,
            1.0000001192092896,
            1.0000001192092896
        ],
        "head_world": [
            0.5127283930778503,
            0.016106754541397095,
            1.1044644117355347
        ],
        "head_world_transformed": [
            0.5127285718917847,
            0.016106775030493736,
            1.1044644117355347
        ],
        "delta_matrix": [
            [
                1.0000005960464478,
                -3.2408934202976525e-08,
                9.342226547914834e-09,
                -1.4033867046236992e-07
            ],
            [
                1.1670636013150215e-08,
                1.0000001192092896,
                1.080691163224401e-07,
                -9.941868484020233e-08
            ],
            [
                -2.7774733624141845e-09,
                -1.2668584759012447e-07,
                1.0000001192092896,
                -8.067231505037853e-08
            ],
            [
                0.0,
                0.0,
                0.0,
                1.0
            ]
        ]
    },
    "LeftThumbProximal": {
        "location": [
            -2.942979335784912e-07,
            -1.3969838619232178e-08,
            -5.103647708892822e-07
        ],
        "rotation": [
            -8.110848010946144e-06,
            4.2688661957029733e-07,
            -8.537732391405946e-06
        ],
        "scale": [
            1.0000004768371582,
            1.000000238418579,
            1.0000003576278687
        ],
        "head_world": [
            0.5274842381477356,
            -0.008762413635849953,
            1.095391869544983
        ],
        "head_world_transformed": [
            0.5274842381477356,
            -0.008762388490140438,
            1.095391869544983
        ],
        "delta_matrix": [
            [
                1.0000004768371582,
                6.51925802230835e-08,
                1.1175870895385742e-08,
                -2.942979335784912e-07
            ],
            [
                -1.4901161193847656e-07,
                1.000000238418579,
                9.685754776000977e-08,
                -1.3969838619232178e-08
            ],
            [
                -7.450580596923828e-09,
                -1.4156103134155273e-07,
                1.0000003576278687,
                -5.103647708892822e-07
            ],
            [
                0.0,
                0.0,
                0.0,
                1.0
            ]
        ]
    },
    "LeftThumbIntermediate": {
        "location": [
            -3.427267074584961e-07,
            2.3283064365386963e-07,
            -9.462237358093262e-07
        ],
        "rotation": [
            -1.4941032295626905e-05,
            3.201648934332981e-06,
            -7.683957116710356e-06
        ],
        "scale": [
            1.0000007152557373,
            1.0000004768371582,
            1.0000008344650269
        ],
        "head_world": [
            0.5488602519035339,
            -0.022945383563637733,
            1.0917198657989502
        ],
        "head_world_transformed": [
            0.5488604307174683,
            -0.022945253178477287,
            1.0917198657989502
        ],
        "delta_matrix": [
            [
                1.0000007152557373,
                1.2293457984924316e-07,
                7.82310962677002e-08,
                -3.427267074584961e-07
            ],
            [
                -1.341104507446289e-07,
                1.0000004768371582,
                1.4901161193847656e-08,
                2.3283064365386963e-07
            ],
            [
                -5.587935447692871e-08,
                -2.60770320892334e-07,
                1.0000008344650269,
                -9.462237358093262e-07
            ],
            [
                0.0,
                0.0,
                0.0,
                1.0
            ]
        ]
    },
    "LeftThumbDistal": {
        "location": [
            -4.917383193969727e-07,
            7.078051567077637e-08,
            -8.25151801109314e-07
        ],
        "rotation": [
            -1.0672165692812932e-05,
            1.7075458676146905e-06,
            -5.229359105070021e-06
        ],
        "scale": [
            1.0000008344650269,
            1.0000004768371582,
            1.0000008344650269
        ],
        "head_world": [
            0.5685451626777649,
            -0.03194095939397812,
            1.0867396593093872
        ],
        "head_world_transformed": [
            0.5685452818870544,
            -0.03194091096520424,
            1.0867397785186768
        ],
        "delta_matrix": [
            [
                1.0000008344650269,
                1.862645149230957e-08,
                1.1175870895385742e-07,
                -4.917383193969727e-07
            ],
            [
                -9.12696123123169e-08,
                1.0000004768371582,
                5.960464477539063e-08,
                7.078051567077637e-08
            ],
            [
                -2.9802322387695312e-08,
                -1.862645149230957e-07,
                1.0000008344650269,
                -8.25151801109314e-07
            ],
            [
                0.0,
                0.0,
                0.0,
                1.0
            ]
        ]
    },
    "LeftIndexProximal": {
        "location": [
            0.02150312252342701,
            0.1495804786682129,
            -2.253800630569458e-07
        ],
        "rotation": [
            -7.621012056675821e-06,
            1.334020527129445e-08,
            -15.00000212496032
        ],
        "scale": [
            1.0000005960464478,
            1.000000238418579,
            1.0000003576278687
        ],
        "head_world": [
            0.5788398385047913,
            -0.006876444909721613,
            1.1024975776672363
        ],
        "head_world_transformed": [
            0.5788400769233704,
            -0.006876406725496054,
            1.1024976968765259
        ],
        "delta_matrix": [
            [
                0.9659264087677002,
                0.2588191032409668,
                4.6566128730773926e-08,
                0.02150312252342701
            ],
            [
                -0.25881922245025635,
                0.9659261107444763,
                1.3317912817001343e-07,
                0.1495804786682129
            ],
            [
                -2.3283064365386963e-10,
                -1.330117811448872e-07,
                1.0000003576278687,
                -2.253800630569458e-07
            ],
            [
                0.0,
                0.0,
                0.0,
                1.0
            ]
        ]
    },
    "LeftIndexIntermediate": {
        "location": [
            0.021502820774912834,
            0.14958052337169647,
            4.377216100692749e-08
        ],
        "rotation": [
            -8.721163580105805e-06,
            1.0071854876459283e-06,
            -15.00000212496032
        ],
        "scale": [
            1.0000005960464478,
            1.0000001192092896,
            1.0
        ],
        "head_world": [
            0.6053938269615173,
            -0.006692622322589159,
            1.102907419204712
        ],
        "head_world_transformed": [
            0.6045366525650024,
            -0.013571532443165779,
            1.102907419204712
        ],
        "delta_matrix": [
            [
                0.965926468372345,
                0.2588190734386444,
                1.6763806343078613e-08,
                0.021502820774912834
            ],
            [
                -0.25881925225257874,
                0.9659259915351868,
                1.0058283805847168e-07,
                0.14958052337169647
            ],
            [
                -1.7578713595867157e-08,
                -1.5221303328871727e-07,
                1.0,
                4.377216100692749e-08
            ],
            [
                0.0,
                0.0,
                0.0,
                1.0
            ]
        ]
    },
    "LeftIndexDistal": {
        "location": [
            0.02150290086865425,
            0.1495804488658905,
            -1.7601996660232544e-07
        ],
        "rotation": [
            -5.829673178311664e-06,
            5.869690255758465e-07,
            -15.00000212496032
        ],
        "scale": [
            1.0000005960464478,
            1.0,
            1.0000003576278687
        ],
        "head_world": [
            0.6228601336479187,
            -0.0063371374271810055,
            1.1023170948028564
        ],
        "head_world_transformed": [
            0.6214998364448547,
            -0.017748797312378883,
            1.102317214012146
        ],
        "delta_matrix": [
            [
                0.9659264087677002,
                0.2588190734386444,
                5.4016709327697754e-08,
                0.02150290086865425
            ],
            [
                -0.25881922245025635,
                0.9659258723258972,
                1.1548399925231934e-07,
                0.1495804488658905
            ],
            [
                -1.0244548320770264e-08,
                -1.0174699127674103e-07,
                1.0000003576278687,
                -1.7601996660232544e-07
            ],
            [
                0.0,
                0.0,
                0.0,
                1.0
            ]
        ]
    },
    "LeftMiddleProximal": {
        "location": [
            0.0015105120837688446,
            0.05071625858545303,
            -6.109476089477539e-07
        ],
        "rotation": [
            -4.930875091100524e-06,
            2.334535787302955e-07,
            -5.000000281433284
        ],
        "scale": [
            1.0000005960464478,
            1.000000238418579,
            1.0000004768371582
        ],
        "head_world": [
            0.581553041934967,
            0.008055046200752258,
            1.102365255355835
        ],
        "head_world_transformed": [
            0.5815531015396118,
            0.008055055513978004,
            1.1023651361465454
        ],
        "delta_matrix": [
            [
                0.996195375919342,
                0.08715575188398361,
                2.2351741790771484e-08,
                0.0015105120837688446
            ],
            [
                -0.08715580403804779,
                0.9961950182914734,
                1.1688098311424255e-07,
                0.05071625858545303
            ],
            [
                -4.0745362639427185e-09,
                -8.606002666056156e-08,
                1.0000004768371582,
                -6.109476089477539e-07
            ],
            [
                0.0,
                0.0,
                0.0,
                1.0
            ]
        ]
    },
    "LeftMiddleIntermediate": {
        "location": [
            0.0015104562044143677,
            0.05071627348661423,
            -7.380731403827667e-07
        ],
        "rotation": [
            -5.810076076141858e-06,
            8.387649903763293e-07,
            -4.99999985454646
        ],
        "scale": [
            1.000001072883606,
            1.0000005960464478,
            1.0000004768371582
        ],
        "head_world": [
            0.6104540824890137,
            0.007952733896672726,
            1.103214144706726
        ],
        "head_world_transformed": [
            0.6103354096412659,
            0.00543420622125268,
            1.1032140254974365
        ],
        "delta_matrix": [
            [
                0.9961957931518555,
                0.0871557742357254,
                -1.257285475730896e-08,
                0.0015104562044143677
            ],
            [
                -0.08715584129095078,
                0.996195375919342,
                7.520429790019989e-08,
                0.05071627348661423
            ],
            [
                -1.4639226719737053e-08,
                -1.0140502126887441e-07,
                1.0000004768371582,
                -7.380731403827667e-07
            ],
            [
                0.0,
                0.0,
                0.0,
                1.0
            ]
        ]
    },
    "LeftMiddleDistal": {
        "location": [
            0.0015105195343494415,
            0.05071623623371124,
            -9.986106306314468e-07
        ],
        "rotation": [
            -2.87815059568246e-06,
            4.835823222111926e-07,
            -4.999999000772815
        ],
        "scale": [
            1.0000008344650269,
            1.0000001192092896,
            1.0000007152557373
        ],
        "head_world": [
            0.6276079416275024,
            0.007892882451415062,
            1.1026235818862915
        ],
        "head_world_transformed": [
            0.6274187564849854,
            0.003879537805914879,
            1.1026233434677124
        ],
        "delta_matrix": [
            [
                0.9961955547332764,
                0.08715572953224182,
                2.1886080503463745e-08,
                0.0015105195343494415
            ],
            [
                -0.08715580403804779,
                0.9961948990821838,
                1.1362135410308838e-07,
                0.05071623623371124
            ],
            [
                -8.440110832452774e-09,
                -5.023321136832237e-08,
                1.0000007152557373,
                -9.986106306314468e-07
            ],
            [
                0.0,
                0.0,
                0.0,
                1.0
            ]
        ]
    },
    "LeftRingProximal": {
        "location": [
            0.0040233200415968895,
            -0.0501977801322937,
            -4.6426430344581604e-07
        ],
        "rotation": [
            -7.097826383570793e-06,
            2.5346392400875466e-07,
            5.000001562093753
        ],
        "scale": [
            1.0000004768371582,
            1.0000001192092896,
            1.000000238418579
        ],
        "head_world": [
            0.5768690705299377,
            0.020975995808839798,
            1.0996731519699097
        ],
        "head_world_transformed": [
            0.5768693089485168,
            0.020976023748517036,
            1.0996730327606201
        ],
        "delta_matrix": [
            [
                0.9961951971054077,
                -0.0871557891368866,
                -1.862645149230957e-09,
                0.0040233200415968895
            ],
            [
                0.08715581893920898,
                0.9961948990821838,
                1.157168298959732e-07,
                -0.0501977801322937
            ],
            [
                -4.423782229423523e-09,
                -1.23880454339087e-07,
                1.000000238418579,
                -4.6426430344581604e-07
            ],
            [
                0.0,
                0.0,
                0.0,
                1.0
            ]
        ]
    },
    "LeftRingIntermediate": {
        "location": [
            0.004023008048534393,
            -0.050197772681713104,
            -3.394670784473419e-07
        ],
        "rotation": [
            -5.04926907634082e-06,
            5.602885482416093e-07,
            5.000001988980576
        ],
        "scale": [
            1.0000008344650269,
            1.0000003576278687,
            1.0000007152557373
        ],
        "head_world": [
            0.6014862656593323,
            0.02179681323468685,
            1.0997874736785889
        ],
        "head_world_transformed": [
            0.6013211607933044,
            0.02393930032849312,
            1.099787712097168
        ],
        "delta_matrix": [
            [
                0.9961954951286316,
                -0.08715581893920898,
                -5.587935447692871e-09,
                0.004023008048534393
            ],
            [
                0.08715584874153137,
                0.9961950182914734,
                1.6111880540847778e-07,
                -0.050197772681713104
            ],
            [
                -9.778887033462524e-09,
                -8.812639862298965e-08,
                1.0000007152557373,
                -3.394670784473419e-07
            ],
            [
                0.0,
                0.0,
                0.0,
                1.0
            ]
        ]
    },
    "LeftRingDistal": {
        "location": [
            0.004022875335067511,
            -0.05019783228635788,
            -1.2791715562343597e-06
        ],
        "rotation": [
            -5.469483350189281e-06,
            9.738345474782263e-07,
            5.00000113520693
        ],
        "scale": [
            1.000001072883606,
            1.0000007152557373,
            1.0000009536743164
        ],
        "head_world": [
            0.618014931678772,
            0.02188866399228573,
            1.0991061925888062
        ],
        "head_world_transformed": [
            0.617779016494751,
            0.025471333414316177,
            1.099105954170227
        ],
        "delta_matrix": [
            [
                0.9961957931518555,
                -0.08715585619211197,
                6.05359673500061e-09,
                0.004022875335067511
            ],
            [
                0.08715586364269257,
                0.9961954355239868,
                1.41095370054245e-07,
                -0.05019783228635788
            ],
            [
                -1.6996636986732483e-08,
                -9.546056389808655e-08,
                1.0000009536743164,
                -1.2791715562343597e-06
            ],
            [
                0.0,
                0.0,
                0.0,
                1.0
            ]
        ]
    },
    "LeftLittleProximal": {
        "location": [
            0.028197184205055237,
            -0.14660505950450897,
            -4.4656917452812195e-07
        ],
        "rotation": [
            -9.311468015209447e-06,
            -4.068764015140254e-07,
            15.000000417413029
        ],
        "scale": [
            1.000000238418579,
            1.0000001192092896,
            1.0000001192092896
        ],
        "head_world": [
            0.5708861351013184,
            0.03378630056977272,
            1.0952839851379395
        ],
        "head_world_transformed": [
            0.5708863139152527,
            0.0337863564491272,
            1.0952837467193604
        ],
        "delta_matrix": [
            [
                0.9659260511398315,
                -0.25881901383399963,
                -5.774199962615967e-08,
                0.028197184205055237
            ],
            [
                0.2588191032409668,
                0.965925931930542,
                1.3224780559539795e-07,
                -0.14660505950450897
            ],
            [
                7.101334631443024e-09,
                -1.62515789270401e-07,
                1.0000001192092896,
                -4.4656917452812195e-07
            ],
            [
                0.0,
                0.0,
                0.0,
                1.0
            ]
        ]
    },
    "LeftLittleIntermediate": {
        "location": [
            0.028196781873703003,
            -0.14660511910915375,
            -3.7904828786849976e-07
        ],
        "rotation": [
            -7.230393938249189e-06,
            -6.403298275776962e-07,
            14.999997002318443
        ],
        "scale": [
            1.0000005960464478,
            1.000000238418579,
            1.0000004768371582
        ],
        "head_world": [
            0.5908200740814209,
            0.03433027118444443,
            1.0963948965072632
        ],
        "head_world_transformed": [
            0.5900001525878906,
            0.0394710972905159,
            1.0963948965072632
        ],
        "delta_matrix": [
            [
                0.965926468372345,
                -0.2588190734386444,
                -4.377216100692749e-08,
                0.028196781873703003
            ],
            [
                0.2588191628456116,
                0.9659261107444763,
                1.387670636177063e-07,
                -0.14660511910915375
            ],
            [
                1.1175870895385742e-08,
                -1.2619420886039734e-07,
                1.0000004768371582,
                -3.7904828786849976e-07
            ],
            [
                0.0,
                0.0,
                0.0,
                1.0
            ]
        ]
    },
    "LeftLittleDistal": {
        "location": [
            0.028196556493639946,
            -0.14660526812076569,
            -1.0851945262402296e-06
        ],
        "rotation": [
            -7.043628510465657e-06,
            4.802472180166474e-07,
            14.999997002318443
        ],
        "scale": [
            1.0000009536743164,
            1.0000005960464478,
            1.0000008344650269
        ],
        "head_world": [
            0.6048005223274231,
            0.03390060365200043,
            1.0960620641708374
        ],
        "head_world_transformed": [
            0.6036154627799988,
            0.04267440736293793,
            1.0960619449615479
        ],
        "delta_matrix": [
            [
                0.9659267663955688,
                -0.2588191628456116,
                -3.725290298461914e-09,
                0.028196556493639946
            ],
            [
                0.25881925225257874,
                0.965926468372345,
                1.4295801520347595e-07,
                -0.14660526812076569
            ],
            [
                -8.381903171539307e-09,
                -1.2293457984924316e-07,
                1.0000008344650269,
                -1.0851945262402296e-06
            ],
            [
                0.0,
                0.0,
                0.0,
                1.0
            ]
        ]
    },
    "RightShoulder": {
        "location": [
            -1.6846826156324823e-08,
            -1.976367514089361e-07,
            -3.8021912018848525e-07
        ],
        "rotation": [
            -1.7075472925031877e-06,
            -7.667561955271691e-09,
            -2.5678729831763462e-08
        ],
        "scale": [
            1.000000238418579,
            1.0,
            1.000000238418579
        ],
        "head_world": [
            -0.047049835324287415,
            0.019040627405047417,
            1.1044644117355347
        ],
        "head_world_transformed": [
            -0.0470498688519001,
            0.01904059574007988,
            1.1044642925262451
        ],
        "delta_matrix": [
            [
                1.000000238418579,
                1.3673686627413417e-09,
                -2.8648911021278423e-10,
                -1.6846826156324823e-08
            ],
            [
                -4.4817849431666446e-10,
                1.0,
                1.1920928955078125e-07,
                -1.976367514089361e-07
            ],
            [
                1.338242294757208e-10,
                -2.9802322387695312e-08,
                1.000000238418579,
                -3.8021912018848525e-07
            ],
            [
                0.0,
                0.0,
                0.0,
                1.0
            ]
        ]
    },
    "RightUpperArm": {
        "location": [
            -3.7514837458729744e-08,
            -1.7130878404714167e-07,
            -6.724111472067307e-07
        ],
        "rotation": [
            -5.9764147095391585e-06,
            -6.14484436680624e-09,
            -2.1782063722104392e-08
        ],
        "scale": [
            1.0000001192092896,
            1.0,
            1.000000238418579
        ],
        "head_world": [
            -0.08582163602113724,
            0.019040532410144806,
            1.1044644117355347
        ],
        "head_world_transformed": [
            -0.08582167327404022,
            0.01904051937162876,
            1.1044641733169556
        ],
        "delta_matrix": [
            [
                1.0000001192092896,
                1.1575593816814944e-09,
                -2.546585164964199e-10,
                -3.7514837458729744e-08
            ],
            [
                -3.80168785341084e-10,
                1.0,
                1.2665982751514093e-07,
                -1.7130878404714167e-07
            ],
            [
                1.0724778010118285e-10,
                -1.0430811414607888e-07,
                1.000000238418579,
                -6.724111472067307e-07
            ],
            [
                0.0,
                0.0,
                0.0,
                1.0
            ]
        ]
    },
    "RightLowerArm": {
        "location": [
            4.348112270236015e-08,
            -1.3224780559539795e-07,
            -1.8228435294531664e-07
        ],
        "rotation": [
            -7.260019405662962e-06,
            6.158086606222513e-09,
            4.418944675846728e-08
        ],
        "scale": [
            1.000000238418579,
            1.0,
            1.000000238418579
        ],
        "head_world": [
            -0.29824209213256836,
            0.01898130774497986,
            1.1044644117355347
        ],
        "head_world_transformed": [
            -0.29824215173721313,
            0.018981318920850754,
            1.1044644117355347
        ],
        "delta_matrix": [
            [
                1.000000238418579,
                1.7971615307033062e-09,
                -3.490793210048082e-10,
                4.348112270236015e-08
            ],
            [
                7.712515071034431e-10,
                1.0,
                1.2663491588682518e-07,
                -1.3224780559539795e-07
            ],
            [
                -1.07478914657122e-10,
