{
    "Hips": {
        "location": [
            0.0,
            -3.5984748514295006e-10,
            9.379537146969597e-10
        ],
        "rotation": [
            -1.7061824877960474e-19,
            -0.0,
            -3.639855973964901e-20
        ],
        "scale": [
            1.0,
            1.0,
            1.0
        ],
        "head_world": [
            0.0,
            0.00955713726580143,
            0.9302849769592285
        ],
        "head_world_transformed": [
            0.0,
            0.00955713726580143,
            0.9302849769592285
        ],
        "delta_matrix": [
            [
                1.0,
                0.0,
                0.0,
                0.0
            ],
            [
                -6.352747104407253e-22,
                1.0,
                -2.964615315390051e-21,
                -3.5984748514295006e-10
            ],
            [
                0.0,
                -2.9778502051908996e-21,
                1.0,
                9.379537146969597e-10
            ],
            [
                0.0,
                0.0,
                0.0,
                1.0
            ]
        ]
    },
    "Spine": {
        "location": [
            -2.908691619408811e-17,
            -2.3283103223192825e-10,
            -8.005918061826378e-08
        ],
        "rotation": [
            1.334020288587844e-08,
            -1.4559423895859603e-18,
            -9.493790838692977e-16
        ],
        "scale": [
            1.0,
            1.0,
            1.0
        ],
        "head_world": [
            -1.361203452933587e-17,
            0.00955713726580143,
            0.9302849173545837
        ],
        "head_world_transformed": [
            -1.3612736805675928e-17,
            0.00955713726580143,
            0.9302849173545837
        ],
        "delta_matrix": [
            [
                1.0,
                -6.904112613510599e-19,
                1.0058516248644817e-21,
                -2.908691619408811e-17
            ],
            [
                -1.6569790863086632e-17,
                1.0,
                -1.7694179454963432e-16,
                -2.3283103223192825e-10
            ],
            [
                2.541098841762901e-20,
                2.3283046324262813e-10,
                1.0,
                -8.005918061826378e-08
            ],
            [
                0.0,
                0.0,
                0.0,
                1.0
            ]
        ]
    },
    "Chest": {
        "location": [
            9.950694248415264e-17,
            2.3283046324262813e-10,
            3.6785422707907856e-08
        ],
        "rotation": [
            -2.1990553852306345e-15,
            -1.5904350678239634e-15,
            -8.144227243787712e-13
        ],
        "scale": [
            1.0,
            1.0,
            1.0
        ],
        "head_world": [
            -5.581614926671838e-17,
            0.009785274975001812,
            1.003656268119812
        ],
        "head_world_transformed": [
            -5.581687718565743e-17,
            0.009785274975001812,
            1.003656268119812
        ],
        "delta_matrix": [
            [
                1.0,
                5.138843011873433e-18,
                -3.5998900258307764e-21,
                9.950694248415264e-17
            ],
            [
                -1.4214358043471848e-14,
                1.0,
                1.1641528019357139e-10,
                2.3283046324262813e-10
            ],
            [
                2.775832847270749e-17,
                -3.838075690598686e-17,
                1.0,
                3.6785422707907856e-08
            ],
            [
                0.0,
                0.0,
                0.0,
                1.0
            ]
        ]
    },
    "Neck": {
        "location": [
            1.6913659769892276e-17,
            6.111802175468029e-10,
            -5.7924580687540583e-08
        ],
        "rotation": [
            -4.1688181229728675e-10,
            -9.93923337957349e-17,
            -8.142085552532631e-13
        ],
        "scale": [
            1.0,
            1.0,
            1.0
        ],
        "head_world": [
            7.205494347681967e-16,
            0.010064739733934402,
            1.1696903705596924
        ],
        "head_world_transformed": [
            7.240523395215669e-16,
            0.010064739733934402,
            1.1696903705596924
        ],
        "delta_matrix": [
            [
                1.0,
                1.4211613656722744e-14,
                1.7364175418713157e-18,
                1.6913659769892276e-17
            ],
            [
                -1.4210620087075614e-14,
                1.0,
                -2.3310346708438345e-18,
                6.111802175468029e-10
            ],
            [
                1.734723475976807e-18,
                -7.27596021626864e-12,
                1.0,
                -5.7924580687540583e-08
            ],
            [
                0.0,
                0.0,
                0.0,
                1.0
            ]
        ]
    },
    "Head": {
        "location": [
            5.823351512373315e-22,
            8.149072527885437e-10,
            1.0571307029749732e-07
        ],
        "rotation": [
            0.0,
            1.2796368658470355e-21,
            -7.577109034344252e-21
        ],
        "scale": [
            1.0,
            1.0,
            1.0
        ],
        "head_world": [
            1.184134378448738e-15,
            0.010068917647004128,
            1.2106014490127563
        ],
        "head_world_transformed": [
            1.1876378125977001e-15,
            0.010068917647004128,
            1.2106014490127563
        ],
        "delta_matrix": [
            [
                1.0,
                -2.1457065089625538e-21,
                1.3069453678337837e-22,
                5.823351512373315e-22
            ],
            [
                -1.322455004319153e-22,
                1.0,
                0.0,
                8.149072527885437e-10
            ],
            [
                -2.2333876538931747e-23,
                0.0,
                1.0,
                1.0571307029749732e-07
            ],
            [
                0.0,
                0.0,
                0.0,
                1.0
            ]
        ]
    },
    "LeftShoulder": {
        "location": [
            -3.088916855631396e-08,
            8.003553375601768e-10,
            -1.2023610906908289e-07
        ],
        "rotation": [
            0.0,
            5.456133671635867e-07,
            5.002579163366762e-09
        ],
        "scale": [
            1.0000001192092896,
            1.0,
            1.0
        ],
        "head_world": [
            0.03159259632229805,
            0.010095972567796707,
            1.154481291770935
        ],
        "head_world_transformed": [
            0.03159259632229805,
            0.010095972567796707,
            1.154481291770935
        ],
        "delta_matrix": [
            [
                1.0000001192092896,
                2.9103830456733704e-11,
                -3.954625071855844e-08,
                -3.088916855631396e-08
            ],
            [
                8.731149137020111e-11,
                1.0,
                -1.3096723705530167e-10,
                8.003553375601768e-10
            ],
            [
                -9.522750588075723e-09,
                0.0,
                1.0,
                -1.2023610906908289e-07
            ],
            [
                0.0,
                0.0,
                0.0,
                1.0
            ]
        ]
    },
    "LeftUpperArm": {
        "location": [
            7.523340173065662e-09,
            8.149072527885437e-10,
            5.4687916417606175e-08
        ],
        "rotation": [
            2.0844083160439303e-09,
            6.670107406479248e-09,
            -4.260009893484118e-09
        ],
        "scale": [
            0.9999999403953552,
            1.0,
            1.0
        ],
        "head_world": [
            0.09307597577571869,
            0.01014741975814104,
            1.1358529329299927
        ],
        "head_world_transformed": [
            0.09307596832513809,
            0.01014742162078619,
            1.1358529329299927
        ],
        "delta_matrix": [
            [
                0.9999999403953552,
                -2.7466739993542433e-10,
                3.728928277269006e-11,
                7.523340173065662e-09
            ],
            [
                -7.435119186993688e-11,
                1.0,
                1.0913936421275139e-11,
                8.149072527885437e-10
            ],
            [
                -1.1641532182693481e-10,
                3.637978807091713e-11,
                1.0,
                5.4687916417606175e-08
            ],
            [
                0.0,
                0.0,
                0.0,
                1.0
            ]
        ]
    },
    "LeftLowerArm": {
        "location": [
            4.220055416226387e-10,
            1.1641532182693481e-10,
            2.695924194995314e-08
        ],
        "rotation": [
            8.07708222467023e-10,
            2.605510395054913e-10,
            2.6253774118172067e-08
        ],
        "scale": [
            1.0,
            1.0,
            1.0
        ],
        "head_world": [
            0.29063722491264343,
            0.012287866324186325,
            1.1363835334777832
        ],
        "head_world_transformed": [
            0.29063722491264343,
            0.012287868186831474,
            1.1363835334777832
        ],
        "delta_matrix": [
            [
                1.0,
                -6.121751994214719e-10,
                1.2732925824820995e-11,
                4.220055416226387e-10
            ],
            [
                4.582147994369734e-10,
                1.0,
                1.1459633242338896e-10,
                1.1641532182693481e-10
            ],
            [
                -4.547473508864641e-12,
                1.4097167877480388e-11,
                1.0,
                2.695924194995314e-08
            ],
            [
                0.0,
                0.0,
                0.0,
                1.0
            ]
        ]
    },
    "LeftHand": {
        "location": [
            4.9933618129216484e-08,
            2.374491714363103e-10,
            -1.9944419449302586e-08
        ],
        "rotation": [
            -2.7734436822361865e-12,
            -2.8644870599930797e-12,
            -1.0177774980683254e-13
        ],
        "scale": [
            1.0,
            1.0,
            1.0
        ],
        "head_world": [
            0.49442058801651,
            0.009522122330963612,
            1.136457085609436
        ],
        "head_world_transformed": [
            0.49442058801651,
            0.00952212419360876,
            1.136457085609436
        ],
        "delta_matrix": [
            [
                1.0,
                7.105427357601002e-15,
                -6.459763279842434e-13,
                4.9933618129216484e-08
            ],
            [
                -1.7763568394002505e-15,
                1.0,
                -2.930988785010413e-14,
                2.374491714363103e-10
            ],
            [
                4.999473057765158e-14,
                -4.8405723873656825e-14,
                1.0,
                -1.9944419449302586e-08
            ],
            [
                0.0,
                0.0,
                0.0,
                1.0
            ]
        ]
    },
    "LeftThumbProximal": {
        "location": [
            -7.450580596923828e-09,
            -6.984919309616089e-08,
            9.546056389808655e-08
        ],
        "rotation": [
            0.0,
            -1.7075474960586874e-06,
            1.7075474960586874e-06
        ],
        "scale": [
            0.9999999403953552,
            0.9999999403953552,
            1.0
        ],
        "head_world": [
            0.5184212923049927,
            -0.009553137235343456,
            1.1327104568481445
        ],
        "head_world_transformed": [
            0.5184212923049927,
            -0.009553133510053158,
            1.1327104568481445
        ],
        "delta_matrix": [
            [
                0.9999999403953552,
                1.4901161193847656e-08,
                2.9802322387695312e-08,
                -7.450580596923828e-09
            ],
            [
                2.9802322387695312e-08,
                0.9999999403953552,
                -1.4901161193847656e-08,
                -6.984919309616089e-08
            ],
            [
                2.9802322387695312e-08,
                0.0,
                1.0,
                9.546056389808655e-08
            ],
            [
                0.0,
                0.0,
                0.0,
                1.0
            ]
        ]
    },
    "LeftThumbIntermediate": {
        "location": [
            2.9802322387695312e-08,
            4.842877388000488e-08,
            5.21540641784668e-08
        ],
        "rotation": [
            1.7075474960586874e-06,
            -1.2806604693773908e-06,
            -8.537736462515939e-07
        ],
        "scale": [
            1.0,
            0.9999999403953552,
            1.0
        ],
        "head_world": [
            0.5385693311691284,
            -0.021194271743297577,
            1.1230227947235107
        ],
        "head_world_transformed": [
            0.5385693311691284,
            -0.02119426801800728,
            1.1230227947235107
        ],
        "delta_matrix": [
            [
                1.0,
                1.4901161193847656e-08,
                -1.4901161193847656e-08,
                2.9802322387695312e-08
            ],
            [
                -1.4901161193847656e-08,
                0.9999999403953552,
                -2.2351741790771484e-08,
                4.842877388000488e-08
            ],
            [
                2.2351741790771484e-08,
                2.9802322387695312e-08,
                1.0,
                5.21540641784668e-08
            ],
            [
                0.0,
                0.0,
                0.0,
                1.0
            ]
        ]
    },
    "LeftThumbDistal": {
        "location": [
            -6.332993507385254e-08,
            -1.6763806343078613e-08,
            -1.2293457984924316e-07
        ],
        "rotation": [
            0.0,
            -0.0,
            0.0
        ],
        "scale": [
            1.0,
            1.0,
            1.0
        ],
        "head_world": [
            0.5548876523971558,
            -0.027651183307170868,
            1.1165939569473267
        ],
        "head_world_transformed": [
            0.5548876523971558,
            -0.02765117958188057,
            1.1165939569473267
        ],
        "delta_matrix": [
            [
                1.0,
                0.0,
                2.2351741790771484e-08,
                -6.332993507385254e-08
            ],
            [
                0.0,
                1.0,
                1.4901161193847656e-08,
                -1.6763806343078613e-08
            ],
            [
                0.0,
                0.0,
                1.0,
                -1.2293457984924316e-07
            ],
            [
                0.0,
                0.0,
                0.0,
                1.0
            ]
        ]
    },
    "LeftIndexProximal": {
        "location": [
            0.002518752124160528,
            0.048992820084095,
            -1.4124088920652866e-07
        ],
        "rotation": [
            5.8571880041943806e-08,
            -7.337117272474634e-08,
            -5.000000708320107
        ],
        "scale": [
            1.0,
            0.9999999403953552,
            0.9999999403953552
        ],
        "head_world": [
            0.5623193383216858,
            -0.004348535556346178,
            1.145546317100525
        ],
        "head_world_transformed": [
            0.5623193383216858,
            -0.00434853183105588,
            1.145546317100525
        ],
        "delta_matrix": [
            [
                0.9961947202682495,
                0.08715572953224182,
                1.4551915228366852e-09,
                0.002518752124160528
            ],
            [
                -0.08715575933456421,
                0.9961946606636047,
                7.53789208829403e-09,
                0.048992820084095
            ],
            [
                1.280568540096283e-09,
                1.0222720447927713e-09,
                0.9999999403953552,
                -1.4124088920652866e-07
            ],
            [
                0.0,
                0.0,
                0.0,
                1.0
            ]
        ]
    },
    "LeftIndexIntermediate": {
        "location": [
            0.002518869936466217,
            0.0489928163588047,
            2.6775524020195007e-09
        ],
        "rotation": [
            2.801445031207417e-07,
            -1.4007223883815213e-07,
            -5.00000113520693
        ],
        "scale": [
            1.0,
            0.9999999403953552,
            1.0
        ],
        "head_world": [
            0.584513247013092,
            -0.0056119258515536785,
            1.1455378532409668
        ],
        "head_world_transformed": [
            0.5843186974525452,
            -0.007541441824287176,
            1.1455378532409668
        ],
        "delta_matrix": [
            [
                0.9961947202682495,
                0.08715569972991943,
                -6.984919309616089e-10,
                0.002518869936466217
            ],
            [
                -0.0871557667851448,
                0.9961946606636047,
                2.0954757928848267e-09,
                0.0489928163588047
            ],
            [
                2.444721758365631e-09,
                4.889443516731262e-09,
                1.0,
                2.6775524020195007e-09
            ],
            [
                0.0,
                0.0,
                0.0,
                1.0
            ]
        ]
    },
    "LeftIndexDistal": {
        "location": [
            0.00251870509237051,
            0.0489928163588047,
            -7.683411240577698e-09
        ],
        "rotation": [
            3.201651173443477e-07,
            -4.2688682312579694e-07,
            -5.000000708320107
        ],
        "scale": [
            1.0,
            1.0,
            0.9999999403953552
        ],
        "head_world": [
            0.6045695543289185,
            -0.006725630722939968,
            1.1460164785385132
        ],
        "head_world_transformed": [
            0.60420161485672,
            -0.010398931801319122,
            1.1460164785385132
        ],
        "delta_matrix": [
            [
                0.9961947202682495,
                0.08715570718050003,
                1.3969838619232178e-09,
                0.00251870509237051
            ],
            [
                -0.08715575933456421,
                0.9961947202682495,
                7.450580596923828e-09,
                0.0489928163588047
            ],
            [
                7.450580596923828e-09,
                5.587935447692871e-09,
                0.9999999403953552,
                -7.683411240577698e-09
            ],
            [
                0.0,
                0.0,
                0.0,
                1.0
            ]
        ]
    },
    "LeftMiddleProximal": {
        "location": [
            1.104490365833044e-08,
            -1.0477378964424133e-09,
            8.317874744534492e-08
        ],
        "rotation": [
            4.4567255307414286e-08,
            -3.3350533056702886e-09,
            2.39706956345052e-09
        ],
        "scale": [
            1.0,
            1.0,
            1.0
        ],
        "head_world": [
            0.5620862245559692,
            0.00964723527431488,
            1.1454999446868896
        ],
        "head_world_transformed": [
            0.5620862245559692,
            0.00964723713696003,
            1.1454999446868896
        ],
        "delta_matrix": [
            [
                1.0,
                2.419255906715989e-10,
                -8.003553375601768e-11,
                1.104490365833044e-08
            ],
            [
                4.18367562815547e-11,
                1.0,
                -1.3183125702198595e-09,
                -1.0477378964424133e-09
            ],
            [
                5.820766091346741e-11,
                7.778453436912969e-10,
                1.0,
                8.317874744534492e-08
            ],
            [
                0.0,
                0.0,
                0.0,
                1.0
            ]
        ]
    },
    "LeftMiddleIntermediate": {
        "location": [
            -1.9746948964893818e-08,
            9.313225746154785e-10,
            -1.146690919995308e-08
        ],
        "rotation": [
            8.004129205830565e-08,
            -1.0838923243428438e-07,
            6.00309595020652e-08
        ],
        "scale": [
            1.0,
            0.9999999403953552,
            1.0
        ],
        "head_world": [
            0.5874319672584534,
            0.009729164652526379,
            1.1455172300338745
        ],
        "head_world_transformed": [
            0.5874319672584534,
            0.009729166515171528,
            1.1455172300338745
        ],
        "delta_matrix": [
            [
                1.0,
                -2.3283064365386963e-10,
                1.9063008949160576e-09,
                -1.9746948964893818e-08
            ],
            [
                1.0477378964424133e-09,
                0.9999999403953552,
                6.984919309616089e-10,
                9.313225746154785e-10
            ],
            [
                1.8917489796876907e-09,
                1.3969838619232178e-09,
                1.0,
                -1.146690919995308e-08
            ],
            [
                0.0,
                0.0,
                0.0,
                1.0
            ]
        ]
    },
    "LeftMiddleDistal": {
        "location": [
            2.289380063302815e-08,
            -4.0745362639427185e-10,
            -4.773028194904327e-09
        ],
        "rotation": [
            -8.118770390991108e-08,
            -7.024456661178981e-08,
            5.002580753644103e-09
        ],
        "scale": [
            0.9999999403953552,
            1.0,
            1.0
        ],
        "head_world": [
            0.6082647442817688,
            0.009925649501383305,
            1.1463210582733154
        ],
        "head_world_transformed": [
            0.6082647442817688,
            0.009925651364028454,
            1.1463210582733154
        ],
        "delta_matrix": [
            [
                0.9999999403953552,
                -8.731149137020111e-11,
                9.567884262651205e-10,
                2.289380063302815e-08
            ],
            [
                8.731149137020111e-11,
                1.0,
                1.4733814168721437e-10,
                -4.0745362639427185e-10
            ],
            [
                1.2259988579899073e-09,
                -1.4169927453622222e-09,
                1.0,
                -4.773028194904327e-09
            ],
            [
                0.0,
                0.0,
                0.0,
                1.0
            ]
        ]
    },
    "LeftRingProximal": {
        "location": [
            0.00431254506111145,
            -0.04878579452633858,
            -1.4142278814688325e-07
        ],
        "rotation": [
            7.886358863752211e-07,
            5.002579322394497e-08,
            5.00000113520693
        ],
        "scale": [
            1.0,
            1.0,
            1.0000001192092896
        ],
        "head_world": [
            0.5608454346656799,
            0.02499370463192463,
            1.1423823833465576
        ],
        "head_world_transformed": [
            0.5608454346656799,
            0.02499370649456978,
            1.1423823833465576
        ],
        "delta_matrix": [
            [
                0.9961947798728943,
                -0.08715575188398361,
                8.731149137020111e-10,
                0.00431254506111145
            ],
            [
                0.0871557667851448,
                0.9961947798728943,
                -1.8972059478983283e-09,
                -0.04878579452633858
            ],
            [
                -8.731149137020111e-10,
                1.3764292816631496e-08,
                1.0000001192092896,
                -1.4142278814688325e-07
            ],
            [
                0.0,
                0.0,
                0.0,
                1.0
            ]
        ]
    },
    "LeftRingIntermediate": {
        "location": [
            0.004312547855079174,
            -0.04878581315279007,
            1.4400575309991837e-07
        ],
        "rotation": [
            8.671139866964622e-08,
            4.002063966804346e-08,
            5.00000113520693
        ],
        "scale": [
            0.9999999403953552,
            0.9999998807907104,
            0.9999999403953552
        ],
        "head_world": [
            0.5834862589836121,
            0.025977006182074547,
            1.142377495765686
        ],
        "head_world_transformed": [
            0.5833144187927246,
            0.02794654481112957,
            1.142377495765686
        ],
        "delta_matrix": [
            [
                0.9961946606636047,
                -0.08715574443340302,
                -1.3969838619232178e-09,
                0.004312547855079174
            ],
            [
                0.08715575933456421,
                0.99619460105896,
                6.490154191851616e-09,
                -0.04878581315279007
            ],
            [
                -6.984919309616089e-10,
                1.5133991837501526e-09,
                0.9999999403953552,
                1.4400575309991837e-07
            ],
            [
                0.0,
                0.0,
                0.0,
                1.0
            ]
        ]
    },
    "LeftRingDistal": {
        "location": [
            0.0043125152587890625,
            -0.04878581315279007,
            -2.60770320892334e-07
        ],
        "rotation": [
            1.1339181239278982e-07,
            -1.867629596730987e-07,
            5.000001562093753
        ],
        "scale": [
            1.0000001192092896,
            1.0,
            1.0000001192092896
        ],
        "head_world": [
            0.6029853224754333,
            0.026815760880708694,
            1.1423146724700928
        ],
        "head_world_transformed": [
            0.6026661992073059,
            0.03048156201839447,
            1.1423146724700928
        ],
        "delta_matrix": [
            [
                0.9961948394775391,
                -0.08715574443340302,
                -1.862645149230957e-09,
                0.0043125152587890625
            ],
            [
                0.087155781686306,
                0.9961947202682495,
                -1.3969838619232178e-09,
                -0.04878581315279007
            ],
            [
                3.259629011154175e-09,
                1.979060471057892e-09,
                1.0000001192092896,
                -2.60770320892334e-07
            ],
            [
                0.0,
                0.0,
                0.0,
                1.0
            ]
        ]
    },
    "LeftLittleProximal": {
        "location": [
            0.015046611428260803,
            -0.09608850628137589,
            -1.46450474858284e-07
        ],
        "rotation": [
            -5.236034198791102e-07,
            -3.4017543717836945e-07,
            9.999998855319275
        ],
        "scale": [
            0.9999999403953552,
            0.9999999403953552,
            1.0
        ],
        "head_world": [
            0.5566715002059937,
            0.037947796285152435,
            1.1382555961608887
        ],
        "head_world_transformed": [
            0.5566715002059937,
            0.037947796285152435,
            1.1382555961608887
        ],
        "delta_matrix": [
            [
                0.9848077297210693,
                -0.17364820837974548,
                1.3969838619232178e-09,
                0.015046611428260803
            ],
            [
                0.1736481636762619,
                0.9848077297210693,
                -2.9802322387695312e-08,
                -0.09608850628137589
            ],
            [
                5.9371814131736755e-09,
                -9.138602763414383e-09,
                1.0,
                -1.46450474858284e-07
            ],
            [
                0.0,
                0.0,
                0.0,
                1.0
            ]
        ]
    },
    "LeftLittleIntermediate": {
        "location": [
            0.015046779066324234,
            -0.09608843177556992,
            1.9278377294540405e-07
        ],
        "rotation": [
            -3.7352602112394723e-07,
            -2.1344341156289847e-07,
            10.000001416640213
        ],
        "scale": [
            1.0,
            0.9999999403953552,
            1.0
        ],
        "head_world": [
            0.5726555585861206,
            0.04044445604085922,
            1.1382858753204346
        ],
        "head_world_transformed": [
            0.5719792246818542,
            0.0431821271777153,
            1.1382858753204346
        ],
        "delta_matrix": [
            [
                0.9848077893257141,
                -0.1736481934785843,
                1.862645149230957e-09,
                0.015046779066324234
            ],
            [
                0.17364820837974548,
                0.9848077297210693,
                -2.7939677238464355e-08,
                -0.09608843177556992
            ],
            [
                3.725290298461914e-09,
                -6.51925802230835e-09,
                1.0,
                1.9278377294540405e-07
            ],
            [
                0.0,
                0.0,
                0.0,
                1.0
            ]
        ]
    },
    "LeftLittleDistal": {
        "location": [
            0.015046834945678711,
            -0.09608842432498932,
            1.8905848264694214e-07
        ],
        "rotation": [
            -1.5874853734990574e-06,
            1.3340214494903026e-07,
            10.000003977961152
        ],
        "scale": [
            0.9999998807907104,
            1.0,
            0.9999998807907104
        ],
        "head_world": [
            0.5871193408966064,
            0.04264252632856369,
            1.1380040645599365
        ],
        "head_world_transformed": [
            0.5858415961265564,
            0.04785841330885887,
            1.1380040645599365
        ],
        "delta_matrix": [
            [
                0.9848076701164246,
                -0.1736481785774231,
                -6.51925802230835e-09,
                0.015046834945678711
            ],
            [
                0.17364823818206787,
                0.9848077893257141,
                -1.0477378964424133e-08,
                -0.09608842432498932
            ],
            [
                -2.3283064365386963e-09,
                -2.7706846594810486e-08,
                0.9999998807907104,
                1.8905848264694214e-07
            ],
            [
                0.0,
                0.0,
                0.0,
                1.0
            ]
        ]
    },
    "RightShoulder": {
        "location": [
            -2.1258529159240425e-08,
            1.1932570487260818e-09,
            -1.1287738743703812e-08
        ],
        "rotation": [
            3.335053703239624e-09,
            3.791669511292411e-07,
            3.335053703239624e-09
        ],
        "scale": [
            0.9999998807907104,
            0.9999999403953552,
            0.9999999403953552
        ],
        "head_world": [
            -0.03159259632229805,
            0.010044530034065247,
            1.1544814109802246
        ],
        "head_world_transformed": [
            -0.03159259632229805,
            0.010044530034065247,
            1.1544814109802246
        ],
        "delta_matrix": [
            [
                0.9999998807907104,
                8.731149137020111e-11,
                2.3282723304873798e-08,
                -2.1258529159240425e-08
            ],
            [
                5.820766091346741e-11,
                0.9999999403953552,
                -5.820766091346741e-11,
                1.1932570487260818e-09
            ],
            [
                -6.617710823775269e-09,
                5.820766091346741e-11,
                0.9999999403953552,
                -1.1287738743703812e-08
            ],
            [
                0.0,
                0.0,
                0.0,
                1.0
            ]
        ]
    },
    "RightUpperArm": {
        "location": [
            -4.6202330850064754e-09,
            -2.3283064365386963e-10,
            5.327365215634927e-08
        ],
        "rotation": [
            3.856155384681271e-09,
            -6.4616665748748544e-09,
            -2.8295846070851035e-08
        ],
        "scale": [
            0.9999999403953552,
            1.0,
            1.0
        ],
        "head_world": [
            -0.09307575970888138,
            0.010147425346076488,
            1.1358526945114136
        ],
        "head_world_transformed": [
            -0.09307574480772018,
            0.010147425346076488,
            1.1358526945114136
        ],
        "delta_matrix": [
            [
                0.9999999403953552,
                1.4310899132397026e-09,
                1.000444171950221e-10,
                -4.6202330850064754e-09
            ],
            [
                -4.938556230627e-10,
                1.0,
                2.7284841053187847e-11,
                -2.3283064365386963e-10
            ],
            [
                1.127773430198431e-10,
                6.730260793119669e-11,
                1.0,
                5.327365215634927e-08
            ],
            [
                0.0,
                0.0,
                0.0,
                1.0
            ]
        ]
    },
    "RightLowerArm": {
        "location": [
            7.275957614183426e-11,
            1.7462298274040222e-09,
            1.430744305253029e-07
        ],
        "rotation": [
            -7.816531185164738e-10,
            9.379837422197688e-10,
            4.141947306138857e-08
        ],
        "scale": [
            1.0,
            1.0,
            1.0
        ],
        "head_world": [
            -0.2906372547149658,
            0.012287875637412071,
            1.1363835334777832
        ],
        "head_world_transformed": [
            -0.2906372547149658,
            0.012287875637412071,
            1.1363835334777832
        ],
        "delta_matrix": [
            [
                1.0,
                -1.702744611975504e-10,
                -4.4565240386873484e-11,
                7.275957614183426e-11
            ],
            [
                7.229061793623259e-10,
                1.0,
                4.092726157978177e-11,
                1.7462298274040222e-09
            ],
            [
                -1.6370904631912708e-11,
                -1.3642420526593924e-11,
                1.0,
                1.430744305253029e-07
            ],
            [
                0.0,
                0.0,
                0.0,
                1.0
            ]
        ]
    },
    "RightHand": {
        "location": [
            2.494951800713352e-08,
            4.558486921268923e-10,
            3.128946346464545e-08
        ],
        "rotation": [
            4.112457203132327e-12,
            -2.1349117077199533e-07,
            8.142219984546603e-13
        ],
        "scale": [
            1.0,
            1.0,
            1.0
        ],
        "head_world": [
            -0.49442100524902344,
            0.009522128850221634,
            1.1364572048187256
        ],
        "head_world_transformed": [
            -0.49442100524902344,
            0.009522128850221634,
            1.1364572048187256
        ],
        "delta_matrix": [
            [
                1.0,
                3.552713678800501e-15,
                -3.724913932856566e-09,
                2.494951800713352e-08
            ],
            [
                1.4210854715202004e-14,
                1.0,
                -1.0835776720341528e-13,
                4.558486921268923e-10
            ],
            [
                3.726123853908803e-09,
                7.177591854201637e-14,
                1.0,
                3.128946346464545e-08
            ],
            [
                0.0,
                0.0,
                0.0,
                1.0
            ]
        ]
    },
    "RightThumbProximal": {
        "location": [
            -9.313225746154785e-10,
            5.3085386753082275e-08,
            -7.497146725654602e-08
        ],
        "rotation": [
            0.0,
            4.26886772236922e-07,
            -2.5613205316437823e-06
        ],
        "scale": [
            1.0000001192092896,
            1.0000001192092896,
            1.0
        ],
        "head_world": [
            -0.5184216499328613,
            -0.009553139097988605,
            1.1327109336853027
        ],
        "head_world_transformed": [
            -0.5184216499328613,
            -0.009553139097988605,
            1.1327109336853027
        ],
        "delta_matrix": [
            [
                1.0000001192092896,
                1.4901161193847656e-08,
                2.2351741790771484e-08,
                -9.313225746154785e-10
            ],
            [
                -4.470348358154297e-08,
                1.0000001192092896,
                0.0,
                5.3085386753082275e-08
            ],
            [
                -7.450580596923828e-09,
                0.0,
                1.0,
                -7.497146725654602e-08
            ],
            [
                0.0,
                0.0,
                0.0,
                1.0
            ]
        ]
    },
    "RightThumbIntermediate": {
        "location": [
            8.195638656616211e-08,
            2.421438694000244e-08,
            -1.2665987014770508e-07
        ],
        "rotation": [
            0.0,
            -8.537736462515939e-07,
            8.537736462515939e-07
        ],
        "scale": [
            1.0,
            1.0,
            1.0
        ],
        "head_world": [
            -0.5385695695877075,
            -0.02119426429271698,
            1.1230229139328003
        ],
        "head_world_transformed": [
            -0.5385695695877075,
            -0.02119426243007183,
            1.1230229139328003
        ],
        "delta_matrix": [
            [
                1.0,
                0.0,
                1.4901161193847656e-08,
                8.195638656616211e-08
            ],
            [
                1.4901161193847656e-08,
                1.0,
                -7.450580596923828e-09,
                2.421438694000244e-08
            ],
            [
                1.4901161193847656e-08,
                0.0,
                1.0,
                -1.2665987014770508e-07
            ],
            [
                0.0,
                0.0,
                0.0,
                1.0
            ]
        ]
    },
    "RightThumbDistal": {
        "location": [
            2.2351741790771484e-08,
