{
    "Hips": {
        "location": [
            5.551115123125783e-17,
            1.6483170384162804e-10,
            1.0026103280935672e-09
        ],
        "rotation": [
            7.837545658253072e-15,
            1.3161719201857082e-15,
            1.1575753573847816e-14
        ],
        "scale": [
            1.0,
            1.0,
            1.0
        ],
        "head_world": [
            -7.327471962526033e-15,
            -0.004767999984323978,
            0.8475689888000488
        ],
        "head_world_transformed": [
            -7.271960811294775e-15,
            -0.004767999984323978,
            0.8475689888000488
        ],
        "delta_matrix": [
            [
                1.0,
                1.8936816493254894e-16,
                5.451504048528677e-18,
                5.551115123125783e-17
            ],
            [
                2.0203501326314496e-16,
                1.0,
                1.367909770119024e-16,
                1.6483170384162804e-10
            ],
            [
                -2.2971533529536625e-17,
                1.367909770119024e-16,
                1.0,
                1.0026103280935672e-09
            ],
            [
                0.0,
                0.0,
                0.0,
                1.0
            ]
        ]
    },
    "Spine": {
        "location": [
            4.767020111984266e-14,
            6.286394516052951e-09,
            -1.723676490428261e-08
        ],
        "rotation": [
            1.2273016520416623e-06,
            3.053332494204976e-13,
            -1.4853190362434624e-12
        ],
        "scale": [
            1.0,
            1.0,
            1.0
        ],
        "head_world": [
            -7.290214265598394e-11,
            -0.004768018145114183,
            0.9285163879394531
        ],
        "head_world_transformed": [
            -7.285956560298956e-11,
            -0.004768018610775471,
            0.9285163879394531
        ],
        "delta_matrix": [
            [
                1.0,
                2.0095036745715333e-14,
                2.1316282072803006e-14,
                4.767020111984266e-14
            ],
            [
                -2.5923707624997405e-14,
                1.0,
                -7.45054462569783e-09,
                6.286394516052951e-09
            ],
            [
                -5.329070518200751e-15,
                2.1420454743292794e-08,
                1.0,
                -1.723676490428261e-08
            ],
            [
                0.0,
                0.0,
                0.0,
                1.0
            ]
        ]
    },
    "Chest": {
        "location": [
            -1.865174681370263e-14,
            5.401669156412936e-08,
            -1.1920930376163597e-07
        ],
        "rotation": [
            8.537747658068418e-07,
            -1.2213329976819904e-12,
            1.1195552478751578e-12
        ],
        "scale": [
            1.0,
            1.0000001192092896,
            1.0000001192092896
        ],
        "head_world": [
            1.124699089416481e-08,
            -0.004536051768809557,
            1.0031251907348633
        ],
        "head_world_transformed": [
            1.12469633606338e-08,
            -0.004536023363471031,
            1.0031251907348633
        ],
        "delta_matrix": [
            [
                1.0,
                -1.7763568394002505e-15,
                -7.105427357601002e-15,
                -1.865174681370263e-14
            ],
            [
                1.9539925233402755e-14,
                1.0000001192092896,
                -1.4901139877565583e-08,
                5.401669156412936e-08
            ],
            [
                2.1316282072803006e-14,
                1.490118251012973e-08,
                1.0000001192092896,
                -1.1920930376163597e-07
            ],
            [
                0.0,
                0.0,
                0.0,
                1.0
            ]
        ]
    },
    "Neck": {
        "location": [
            -5.329070518200751e-15,
            2.6077010772951326e-08,
            -1.0803344707710494e-07
        ],
        "rotation": [
            1.2276939129192655e-12,
            -9.15999748261493e-13,
            2.442665995363981e-12
        ],
        "scale": [
            1.0,
            1.0000001192092896,
            1.0000001192092896
        ],
        "head_world": [
            3.613916277345197e-08,
            0.016212522983551025,
            1.1663382053375244
        ],
        "head_world_transformed": [
            3.613913079902886e-08,
            0.01621253415942192,
            1.1663382053375244
        ],
        "delta_matrix": [
            [
                1.0,
                -2.4868995751603507e-14,
                -1.9539925233402755e-14,
                -5.329070518200751e-15
            ],
            [
                4.263256414560601e-14,
                1.0000001192092896,
                2.142730437526552e-14,
                2.6077010772951326e-08
            ],
            [
                1.5987211554602254e-14,
                2.142730437526552e-14,
                1.0000001192092896,
                -1.0803344707710494e-07
            ],
            [
                0.0,
                0.0,
                0.0,
                1.0
            ]
        ]
    },
    "Head": {
        "location": [
            -2.2054580384178735e-13,
            3.0081719160079956e-07,
            -9.629875421524048e-07
        ],
        "rotation": [
            7.683964444708341e-06,
            -1.5028128634941196e-11,
            -1.959222654409786e-12
        ],
        "scale": [
            0.9999995231628418,
            0.9999997615814209,
            1.0000009536743164
        ],
        "head_world": [
            4.22728625437685e-08,
            0.01093638688325882,
            1.2116045951843262
        ],
        "head_world_transformed": [
            4.22728625437685e-08,
            0.01093639712780714,
            1.2116047143936157
        ],
        "delta_matrix": [
            [
                0.9999995231628418,
                4.285460875053104e-14,
                1.96787031114809e-13,
                -2.2054580384178735e-13
            ],
            [
                -3.419486915845482e-14,
                0.9999997615814209,
                -2.5331974029541016e-07,
                3.0081719160079956e-07
            ],
            [
                2.6229018956769323e-13,
                1.341104507446289e-07,
                1.0000009536743164,
                -9.629875421524048e-07
            ],
            [
                0.0,
                0.0,
                0.0,
                1.0
            ]
        ]
    },
    "LeftShoulder": {
        "location": [
            -1.0721851140260696e-07,
            2.0023435354232788e-08,
            -1.2411874195095152e-07
        ],
        "rotation": [
            8.67113859474275e-07,
            -2.1059821456704848e-06,
            -2.0010323014576414e-08
        ],
        "scale": [
            0.9999999403953552,
            1.0,
            1.0000001192092896
        ],
        "head_world": [
            0.03123115748167038,
            0.014677315019071102,
            1.1513816118240356
        ],
        "head_world_transformed": [
            0.031231099739670753,
            0.014677316881716251,
            1.1513816118240356
        ],
        "delta_matrix": [
            [
                0.9999999403953552,
                4.656612873077393e-10,
                -2.225442585768178e-08,
                -1.0721851140260696e-07
            ],
            [
                -3.4924596548080444e-10,
                1.0,
                -1.4959368854761124e-08,
                2.0023435354232788e-08
            ],
            [
                3.675631887745112e-08,
                1.5133991837501526e-08,
                1.0000001192092896,
                -1.2411874195095152e-07
            ],
            [
                0.0,
                0.0,
                0.0,
                1.0
            ]
        ]
    },
    "LeftUpperArm": {
        "location": [
            -5.718902684748173e-09,
            1.775333657860756e-08,
            1.565185812069103e-07
        ],
        "rotation": [
            8.668011982268685e-07,
            1.5111962279165172e-09,
            -4.869699564468569e-08
        ],
        "scale": [
            0.9999998807907104,
            1.0,
            0.9999998807907104
        ],
        "head_world": [
            0.09201104938983917,
            0.013771306723356247,
            1.1329885721206665
        ],
        "head_world_transformed": [
            0.09201104193925858,
            0.013771308586001396,
            1.1329885721206665
        ],
        "delta_matrix": [
            [
                0.9999998807907104,
                -1.6416379367001355e-10,
                -1.8098944565281272e-10,
                -5.718902684748173e-09
            ],
            [
                -8.499227988068014e-10,
                1.0,
                -1.4571924111805856e-08,
                1.775333657860756e-08
            ],
            [
                -2.637534635141492e-11,
                1.5128534869290888e-08,
                0.9999998807907104,
                1.565185812069103e-07
            ],
            [
                0.0,
                0.0,
                0.0,
                1.0
            ]
        ]
    },
    "LeftLowerArm": {
        "location": [
            -1.0192161425948143e-07,
            3.301829565316439e-08,
            -1.0354921187172295e-06
        ],
        "rotation": [
            8.750352217417408e-07,
            1.7731023411537686e-06,
            -3.645500632574205e-07
        ],
        "scale": [
            0.9999997615814209,
            0.9999993443489075,
            1.0000009536743164
        ],
        "head_world": [
            0.2915715277194977,
            0.015933217480778694,
            1.1335253715515137
        ],
        "head_world_transformed": [
            0.2915714979171753,
            0.015933223068714142,
            1.1335253715515137
        ],
        "delta_matrix": [
            [
                0.9999997615814209,
                1.2591954146046191e-08,
                1.3536975984607125e-07,
                -1.0192161425948143e-07
            ],
            [
                -6.362597559927963e-09,
                0.9999993443489075,
                -1.2703821994364262e-08,
                3.301829565316439e-08
            ],
            [
                -3.0946466722525656e-08,
                1.527223503217101e-08,
                1.0000009536743164,
                -1.0354921187172295e-06
            ],
            [
                0.0,
                0.0,
                0.0,
                1.0
            ]
        ]
    },
    "LeftHand": {
        "location": [
            1.1434203628368778e-07,
            2.605611371109262e-08,
            -5.557931217481382e-07
        ],
        "rotation": [
            8.671843914548912e-07,
            3.0457756998373185e-06,
            -5.0546913591145366e-09
        ],
        "scale": [
            0.9999997615814209,
            0.9999994039535522,
            1.0000007152557373
        ],
        "head_world": [
            0.49738016724586487,
            0.01313946396112442,
            1.1296074390411377
        ],
        "head_world_transformed": [
            0.49738019704818726,
            0.013139468617737293,
            1.1296075582504272
        ],
        "delta_matrix": [
            [
                0.9999997615814209,
                1.472972144256346e-08,
                1.0702845543164585e-07,
                1.1434203628368778e-07
            ],
            [
                -8.822098607197404e-11,
                0.9999994039535522,
                -1.2746752986458887e-08,
                2.605611371109262e-08
            ],
            [
                -5.315880002854101e-08,
                1.5135213971007033e-08,
                1.0000007152557373,
                -5.557931217481382e-07
            ],
            [
                0.0,
                0.0,
                0.0,
                1.0
            ]
        ]
    },
    "LeftThumbProximal": {
        "location": [
            -1.1362135410308838e-07,
            -3.4924596548080444e-08,
            -8.25151801109314e-07
        ],
        "rotation": [
            4.268871488145963e-06,
            -6.830191612678746e-06,
            3.415095806339373e-06
        ],
        "scale": [
            0.9999997019767761,
            0.9999993443489075,
            1.0000007152557373
        ],
        "head_world": [
            0.5228745937347412,
            -0.007186931557953358,
            1.1251118183135986
        ],
        "head_world_transformed": [
            0.5228745937347412,
            -0.007186924573034048,
            1.1251118183135986
        ],
        "delta_matrix": [
            [
                0.9999997019767761,
                5.960464477539063e-08,
                2.384185791015625e-07,
                -1.1362135410308838e-07
            ],
            [
                5.960464477539063e-08,
                0.9999993443489075,
                1.4901161193847656e-08,
                -3.4924596548080444e-08
            ],
            [
                1.1920928955078125e-07,
                7.450580596923828e-08,
                1.0000007152557373,
                -8.25151801109314e-07
            ],
            [
                0.0,
                0.0,
                0.0,
                1.0
            ]
        ]
    },
    "LeftThumbIntermediate": {
        "location": [
            8.195638656616211e-08,
            9.313225746154785e-09,
            -8.121132850646973e-07
        ],
        "rotation": [
            4.268871488145963e-06,
            -8.537740533625931e-06,
            5.976418373538152e-06
        ],
        "scale": [
            0.9999995827674866,
            0.9999992847442627,
            1.0000005960464478
        ],
        "head_world": [
            0.5441414713859558,
            -0.019588612020015717,
            1.1143689155578613
        ],
        "head_world_transformed": [
            0.5441415309906006,
            -0.019588645547628403,
            1.1143689155578613
        ],
        "delta_matrix": [
            [
                0.9999995827674866,
                4.470348358154297e-08,
                1.7136335372924805e-07,
                8.195638656616211e-08
            ],
            [
                1.043081283569336e-07,
                0.9999992847442627,
                -1.1920928955078125e-07,
                9.313225746154785e-09
            ],
            [
                1.4901161193847656e-07,
                7.450580596923828e-08,
                1.0000005960464478,
                -8.121132850646973e-07
            ],
            [
                0.0,
                0.0,
                0.0,
                1.0
            ]
        ]
    },
    "LeftThumbDistal": {
        "location": [
            -3.3527612686157227e-08,
            -6.332993507385254e-08,
            -8.67992639541626e-07
        ],
        "rotation": [
            0.0,
            -6.18986178510105e-06,
            3.4150962134503723e-06
        ],
        "scale": [
            0.9999995231628418,
            0.9999992847442627,
            1.0000007152557373
        ],
        "head_world": [
            0.5613952279090881,
            -0.026466943323612213,
            1.1071794033050537
        ],
        "head_world_transformed": [
            0.5613952279090881,
            -0.026466965675354004,
            1.1071792840957642
        ],
        "delta_matrix": [
            [
                0.9999995231628418,
                2.9802322387695312e-08,
                2.421438694000244e-07,
                -3.3527612686157227e-08
            ],
            [
                5.960464477539063e-08,
                0.9999992847442627,
                -2.9802322387695312e-08,
                -6.332993507385254e-08
            ],
            [
                1.0803341865539551e-07,
                0.0,
                1.0000007152557373,
                -8.67992639541626e-07
            ],
            [
                0.0,
                0.0,
                0.0,
                1.0
            ]
        ]
    },
    "LeftIndexProximal": {
        "location": [
            0.002311806194484234,
            0.04966488480567932,
            -1.0753283277153969e-06
        ],
        "rotation": [
            8.937948965861361e-07,
            3.5218158836768255e-06,
            -5.000000281433284
        ],
        "scale": [
            1.0000001192092896,
            0.9999993443489075,
            1.0000007152557373
        ],
        "head_world": [
            0.5699118375778198,
            -0.0016457382589578629,
            1.137883186340332
        ],
        "head_world_transformed": [
            0.5699117183685303,
            -0.0016457183519378304,
            1.1378830671310425
        ],
        "delta_matrix": [
            [
                0.9961948394775391,
                0.08715572208166122,
                1.0826624929904938e-07,
                0.002311806194484234
            ],
            [
                -0.08715575933456421,
                0.996194064617157,
                -2.6309862732887268e-08,
                0.04966488480567932
            ],
            [
                -6.146728992462158e-08,
                1.5599653124809265e-08,
                1.0000007152557373,
                -1.0753283277153969e-06
            ],
            [
                0.0,
                0.0,
                0.0,
                1.0
            ]
        ]
    },
    "LeftIndexIntermediate": {
        "location": [
            0.002312098629772663,
            0.049664851278066635,
            -7.365597411990166e-07
        ],
        "rotation": [
            6.369956393828993e-07,
            3.59518787062357e-06,
            -4.99999985454646
        ],
        "scale": [
            0.9999998807907104,
            0.9999993443489075,
            1.0000008344650269
        ],
        "head_world": [
            0.5935585498809814,
            -0.002992090070620179,
            1.1374150514602661
        ],
        "head_world_transformed": [
            0.5933511853218079,
            -0.00504789175465703,
            1.1374151706695557
        ],
        "delta_matrix": [
            [
                0.99619460105896,
                0.08715572953224182,
                1.0454095900058746e-07,
                0.002312098629772663
            ],
            [
                -0.08715573698282242,
                0.996194064617157,
                -2.421438694000244e-08,
                0.049664851278066635
            ],
            [
                -6.274785846471786e-08,
                1.1117663234472275e-08,
                1.0000008344650269,
                -7.365597411990166e-07
            ],
            [
                0.0,
                0.0,
                0.0,
                1.0
            ]
        ]
    },
    "LeftIndexDistal": {
        "location": [
            0.00231196079403162,
            0.04966486617922783,
            -8.338829502463341e-07
        ],
        "rotation": [
            6.67011068245057e-07,
            3.655218423014636e-06,
            -4.99999985454646
        ],
        "scale": [
            1.0,
            0.9999994039535522,
            1.0000009536743164
        ],
        "head_world": [
            0.6149377822875977,
            -0.0041791233234107494,
            1.1375101804733276
        ],
        "head_world_transformed": [
            0.6145455837249756,
            -0.008093740791082382,
            1.1375104188919067
        ],
        "delta_matrix": [
            [
                0.9961947202682495,
                0.08715575188398361,
                1.0221265256404877e-07,
                0.00231196079403162
            ],
            [
                -0.08715574443340302,
                0.9961941242218018,
                -3.073364496231079e-08,
                0.04966486617922783
            ],
            [
                -6.379559636116028e-08,
                1.1641532182693481e-08,
                1.0000009536743164,
                -8.338829502463341e-07
            ],
            [
                0.0,
                0.0,
                0.0,
                1.0
            ]
        ]
    },
    "LeftMiddleProximal": {
        "location": [
            -1.8504943000152707e-07,
            2.9103830456733704e-08,
            -3.561144694685936e-07
        ],
        "rotation": [
            4.4001879907237333e-07,
            3.2195770849614548e-06,
            3.00154797510326e-08
        ],
        "scale": [
            1.0,
            0.9999995231628418,
            1.0000005960464478
        ],
        "head_world": [
            0.5696626305580139,
            0.01326914131641388,
            1.1378443241119385
        ],
        "head_world_transformed": [
            0.5696625113487244,
            0.013269145973026752,
            1.137844443321228
        ],
        "delta_matrix": [
            [
                1.0,
                1.4668330550193787e-08,
                9.832729119807482e-08,
                -1.8504943000152707e-07
            ],
            [
                5.238689482212067e-10,
                0.9999995231628418,
                -1.58470356836915e-08,
                2.9103830456733704e-08
            ],
            [
                -5.61922206543386e-08,
                7.679773261770606e-09,
                1.0000005960464478,
                -3.561144694685936e-07
            ],
            [
                0.0,
                0.0,
                0.0,
                1.0
            ]
        ]
    },
    "LeftMiddleIntermediate": {
        "location": [
            -1.1359225027263165e-07,
            2.3283064365386963e-08,
            -9.346404112875462e-07
        ],
        "rotation": [
            1.0397034787092113e-06,
            3.8136338621449744e-06,
            4.335569933482311e-08
        ],
        "scale": [
            0.9999998807907104,
            0.9999994039535522,
            1.0000008344650269
        ],
        "head_world": [
            0.5966680645942688,
            0.013356445357203484,
            1.1373391151428223
        ],
        "head_world_transformed": [
            0.596668004989624,
            0.013356445357203484,
            1.1373389959335327
        ],
        "delta_matrix": [
            [
                0.9999998807907104,
                1.437729224562645e-08,
                1.0643270798027515e-07,
                -1.1359225027263165e-07
            ],
            [
                7.566995918750763e-10,
                0.9999994039535522,
                -1.257285475730896e-08,
                2.3283064365386963e-08
            ],
            [
                -6.656046025454998e-08,
                1.8146238289773464e-08,
                1.0000008344650269,
                -9.346404112875462e-07
            ],
            [
                0.0,
                0.0,
                0.0,
                1.0
            ]
        ]
    },
    "LeftMiddleDistal": {
        "location": [
            1.6783451428636909e-07,
            2.1595042198896408e-08,
            -7.42089468985796e-07
        ],
        "rotation": [
            5.755054922818534e-07,
            3.547663768128768e-06,
            1.3340216403235836e-08
        ],
        "scale": [
            0.9999997615814209,
            0.9999994039535522,
            1.0000007152557373
        ],
        "head_world": [
            0.618881344795227,
            0.013565508648753166,
            1.1377651691436768
        ],
        "head_world_transformed": [
            0.6188814043998718,
            0.013565514236688614,
            1.1377651691436768
        ],
        "delta_matrix": [
            [
                0.9999997615814209,
                1.414446160197258e-08,
                9.077484719455242e-08,
                1.6783451428636909e-07
            ],
            [
                2.3283064365386963e-10,
                0.9999994039535522,
                -7.868948159739375e-09,
                2.1595042198896408e-08
            ],
            [
                -6.191839929670095e-08,
                1.004445948638022e-08,
                1.0000007152557373,
                -7.42089468985796e-07
            ],
            [
                0.0,
                0.0,
                0.0,
                1.0
            ]
        ]
    },
    "LeftRingProximal": {
        "location": [
            0.004744332749396563,
            -0.04941577464342117,
            -7.720664143562317e-07
        ],
        "rotation": [
            3.481798093785777e-06,
            2.8281258138749037e-06,
            5.000000281433284
        ],
        "scale": [
            0.9999997615814209,
            0.9999993443489075,
            1.0000009536743164
        ],
        "head_world": [
            0.5682762861251831,
            0.029624659568071365,
            1.1345545053482056
        ],
        "head_world_transformed": [
            0.5682762265205383,
            0.029624665156006813,
            1.1345546245574951
        ],
        "delta_matrix": [
            [
                0.9961944818496704,
                -0.08715569972991943,
                1.043081283569336e-07,
                0.004744332749396563
            ],
            [
                0.08715572953224182,
                0.996194064617157,
                -2.3283064365386963e-10,
                -0.04941577464342117
            ],
            [
                -4.936009645462036e-08,
                6.076879799365997e-08,
                1.0000009536743164,
                -7.720664143562317e-07
            ],
            [
                0.0,
                0.0,
                0.0,
                1.0
            ]
        ]
    },
    "LeftRingIntermediate": {
        "location": [
            0.004744282923638821,
            -0.049415748566389084,
            -1.1138617992401123e-06
        ],
        "rotation": [
            2.3278686322463586e-06,
            2.9081670932109903e-06,
            4.999997720112345
        ],
        "scale": [
            0.9999997615814209,
            0.9999994039535522,
            1.0000008344650269
        ],
        "head_world": [
            0.5923992991447449,
            0.03067253716289997,
            1.1340818405151367
        ],
        "head_world_transformed": [
            0.5922160148620605,
            0.03277100250124931,
            1.1340816020965576
        ],
        "delta_matrix": [
            [
                0.9961944818496704,
                -0.08715566247701645,
                9.96515154838562e-08,
                0.004744282923638821
            ],
            [
                0.08715568482875824,
                0.9961941242218018,
                -4.6566128730773926e-09,
                -0.049415748566389084
            ],
            [
                -5.075708031654358e-08,
                4.062894731760025e-08,
                1.0000008344650269,
                -1.1138617992401123e-06
            ],
            [
                0.0,
                0.0,
                0.0,
                1.0
            ]
        ]
    },
    "LeftRingDistal": {
        "location": [
            0.004744602367281914,
            -0.049415770918130875,
            -8.605420589447021e-07
        ],
        "rotation": [
            2.1744565872965245e-06,
            2.588002382977642e-06,
            4.999999000772815
        ],
        "scale": [
            0.9999996423721313,
            0.9999991655349731,
            1.0000007152557373
        ],
        "head_world": [
            0.6131736636161804,
            0.031566400080919266,
            1.1336123943328857
        ],
        "head_world_transformed": [
            0.6128336191177368,
            0.0354720763862133,
            1.1336122751235962
        ],
        "delta_matrix": [
            [
                0.9961943626403809,
                -0.08715566247701645,
                9.220093488693237e-08,
                0.004744602367281914
            ],
            [
                0.08715569972991943,
                0.9961938858032227,
                2.1886080503463745e-08,
                -0.049415770918130875
            ],
            [
                -4.516914486885071e-08,
                3.795139491558075e-08,
                1.0000007152557373,
                -8.605420589447021e-07
            ],
            [
                0.0,
                0.0,
                0.0,
                1.0
            ]
        ]
    },
    "LeftLittleProximal": {
        "location": [
            0.01610606536269188,
            -0.09723331779241562,
            -9.30391252040863e-07
        ],
        "rotation": [
            1.3340221174067858e-08,
            3.2016519876654754e-06,
            9.999998855319275
        ],
        "scale": [
            0.9999997019767761,
            0.9999994039535522,
            1.0000007152557373
        ],
        "head_world": [
            0.5637439489364624,
            0.04343109950423241,
            1.1302489042282104
        ],
        "head_world_transformed": [
            0.5637437701225281,
            0.04343106597661972,
            1.130248785018921
        ],
        "delta_matrix": [
            [
                0.9848074913024902,
                -0.17364813387393951,
                8.381903171539307e-08,
                0.01610606536269188
            ],
            [
                0.17364811897277832,
                0.9848071336746216,
                3.818422555923462e-08,
                -0.09723331779241562
            ],
            [
                -5.587935447692871e-08,
                2.3283064365386963e-10,
                1.0000007152557373,
                -9.30391252040863e-07
            ],
            [
                0.0,
                0.0,
                0.0,
                1.0
            ]
        ]
    },
    "LeftLittleIntermediate": {
        "location": [
            0.016106117516756058,
            -0.09723330289125443,
            -7.35744833946228e-07
        ],
        "rotation": [
            9.871763891449043e-07,
            3.521817105009823e-06,
            9.999998855319275
        ],
        "scale": [
            0.9999997615814209,
            0.9999994039535522,
            1.0000007152557373
        ],
        "head_world": [
            0.5807750821113586,
            0.046091701835393906,
            1.12995183467865
        ],
        "head_world_transformed": [
            0.5800542235374451,
            0.049008674919605255,
            1.12995183467865
        ],
        "delta_matrix": [
            [
                0.984807550907135,
                -0.17364810407161713,
                9.499490261077881e-08,
                0.016106117516756058
            ],
            [
                0.17364811897277832,
                0.9848071336746216,
                1.5832483768463135e-08,
                -0.09723330289125443
            ],
            [
                -6.146728992462158e-08,
                1.7229467630386353e-08,
                1.0000007152557373,
                -7.35744833946228e-07
            ],
            [
                0.0,
                0.0,
                0.0,
                1.0
            ]
        ]
    },
    "LeftLittleDistal": {
        "location": [
            0.016106244176626205,
            -0.0972331315279007,
            -4.544854164123535e-07
        ],
        "rotation": [
            1.3740427761581574e-06,
            3.5751771436785495e-06,
            9.99999800154563
        ],
        "scale": [
            0.9999999403953552,
            0.999999463558197,
            1.0000008344650269
        ],
        "head_world": [
            0.5961799621582031,
            0.04843423143029213,
            1.129353642463684
        ],
        "head_world_transformed": [
            0.5948184132575989,
            0.05399074777960777,
            1.1293538808822632
        ],
        "delta_matrix": [
            [
                0.9848077297210693,
                -0.17364810407161713,
                8.754432201385498e-08,
                0.016106244176626205
            ],
            [
                0.1736481487751007,
                0.9848071932792664,
                4.1443854570388794e-08,
                -0.0972331315279007
            ],
            [
                -6.239861249923706e-08,
                2.3981556296348572e-08,
                1.0000008344650269,
                -4.544854164123535e-07
            ],
            [
                0.0,
                0.0,
                0.0,
                1.0
            ]
        ]
    },
    "RightShoulder": {
        "location": [
            4.521280061453581e-08,
            1.4901161193847656e-08,
            -1.1495285434648395e-07
        ],
        "rotation": [
            8.671137576965252e-07,
            7.137588100643328e-06,
            -2.4012386345269823e-07
        ],
        "scale": [
            0.9999998807907104,
            1.0000001192092896,
            1.0000001192092896
        ],
        "head_world": [
            -0.03123115748167038,
            0.014677315019071102,
            1.1513816118240356
        ],
        "head_world_transformed": [
            -0.031231071799993515,
            0.014677315019071102,
            1.1513816118240356
        ],
        "delta_matrix": [
            [
                0.9999998807907104,
                3.4924596548080444e-09,
                5.326364771462977e-08,
                4.521280061453581e-08
            ],
            [
                -4.190951585769653e-09,
                1.0000001192092896,
                -1.5425030142068863e-08,
                1.4901161193847656e-08
            ],
            [
                -1.2457439879653975e-07,
                1.5133991837501526e-08,
                1.0000001192092896,
                -1.1495285434648395e-07
            ],
            [
                0.0,
                0.0,
                0.0,
                1.0
            ]
        ]
    },
    "RightUpperArm": {
        "location": [
            1.8379068933427334e-08,
            1.8684659153223038e-08,
            -3.2548723538639024e-07
        ],
        "rotation": [
            8.171922803050229e-07,
            1.6953535038543307e-06,
            -3.3611084096208377e-09
        ],
        "scale": [
            1.0,
            1.0,
            0.9999999403953552
        ],
        "head_world": [
            -0.09201104938983917,
            0.013771306723356247,
            1.1329885721206665
        ],
        "head_world_transformed": [
            -0.09201105684041977,
            0.01377130951732397,
            1.1329883337020874
        ],
        "delta_matrix": [
            [
                1.0,
                -1.704847818473354e-09,
                -3.04780769511126e-08,
                1.8379068933427334e-08
            ],
            [
                -5.866240826435387e-11,
                1.0,
                -1.5670593711547554e-08,
                1.8684659153223038e-08
            ],
            [
                -2.9589500627480447e-08,
                1.426269591320306e-08,
                0.9999999403953552,
                -3.2548723538639024e-07
            ],
            [
                0.0,
                0.0,
                0.0,
                1.0
            ]
        ]
    },
    "RightLowerArm": {
        "location": [
            -8.614733815193176e-09,
            8.978531695902348e-09,
            -1.1686835250657168e-06
        ],
        "rotation": [
            8.016636419059952e-07,
            4.502388627081013e-07,
            -2.460306114960501e-06
        ],
        "scale": [
            0.9999996423721313,
            0.9999997615814209,
            1.0000007152557373
        ],
        "head_world": [
            -0.2915715277194977,
            0.015933217480778694,
            1.1335253715515137
        ],
        "head_world_transformed": [
            -0.2915714383125305,
            0.015933219343423843,
            1.1335251331329346
        ],
        "delta_matrix": [
            [
                0.9999996423721313,
                1.1273982636339497e-07,
                -3.1229774322127923e-09,
                -8.614733815193176e-09
            ],
            [
                -4.294042810215615e-08,
                0.9999997615814209,
                -1.550506567582488e-08,
                8.978531695902348e-09
            ],
            [
                -7.858147910155822e-09,
                1.3991666492074728e-08,
                1.0000007152557373,
                -1.1686835250657168e-06
            ],
            [
                0.0,
                0.0,
                0.0,
                1.0
            ]
        ]
    },
    "RightHand": {
        "location": [
            1.0807733019646548e-07,
            -5.366018740460277e-10,
            -8.456768227915745e-07
        ],
        "rotation": [
            7.991607234827456e-07,
            -6.303776429794598e-07,
            -2.047358365337249e-06
        ],
        "scale": [
            0.9999997615814209,
            0.9999998211860657,
            1.0000007152557373
        ],
        "head_world": [
            -0.4973796010017395,
            0.013138236477971077,
            1.129591703414917
        ],
        "head_world_transformed": [
            -0.4973794221878052,
            0.013138235546648502,
            1.1295915842056274
        ],
        "delta_matrix": [
            [
                0.9999997615814209,
                1.1141946743009612e-07,
                2.4053818492575374e-08,
                1.0807733019646548e-07
            ],
            [
                -3.573313733795658e-08,
                0.9999998211860657,
                -1.541712890684721e-08,
                -5.366018740460277e-10
            ],
            [
                1.1002162736417631e-08,
                1.3947982324680197e-08,
                1.0000007152557373,
                -8.456768227915745e-07
            ],
            [
                0.0,
                0.0,
                0.0,
                1.0
            ]
        ]
    },
    "RightThumbProximal": {
        "location": [
            -4.6566128730773926e-08,
            -1.0570511221885681e-07,
            -7.506459951400757e-07
        ],
        "rotation": [
            -5.976417559316153e-06,
            -4.268869045479968e-06,
            8.537738498070935e-07
        ],
        "scale": [
            0.9999997615814209,
            0.9999997019767761,
            1.0000004768371582
        ],
        "head_world": [
            -0.5228737592697144,
            -0.0071882568299770355,
            1.1250956058502197
        ],
        "head_world_transformed": [
            -0.5228734612464905,
            -0.007188326213508844,
            1.1250954866409302
        ],
        "delta_matrix": [
            [
                0.9999997615814209,
                1.9371509552001953e-07,
                2.086162567138672e-07,
                -4.6566128730773926e-08
            ],
            [
                1.4901161193847656e-08,
                0.9999997019767761,
                -2.9802322387695312e-08,
                -1.0570511221885681e-07
            ],
            [
