{
    "Hips": {
        "location": [
            0.0,
            0.0,
            0.0
        ],
        "rotation": [
            9.34399129871572e-06,
            1.6820581290432704e-13,
            4.1704988473373534e-10
        ],
        "scale": [
            1.0,
            1.0,
            1.0
        ],
        "head_world": [
            8.784672536421567e-05,
            -0.02118629589676857,
            0.7529588937759399
        ],
        "head_world_transformed": [
            8.784672536421567e-05,
            -0.02118629589676857,
            0.7529588937759399
        ],
        "delta_matrix": [
            [
                1.0,
                -6.571319443454682e-12,
                -6.928934422750777e-13,
                -1.3358203432289883e-12
            ],
            [
                7.278893633666517e-12,
                1.0,
                -1.6308341344029031e-07,
                1.2309676833410776e-07
            ],
            [
                -2.9357452561740724e-15,
                1.6308341344029031e-07,
                1.0,
                -1.8195429607459346e-09
            ],
            [
                0.0,
                0.0,
                0.0,
                1.0
            ]
        ]
    },
    "Spine": {
        "location": [
            0.0,
            -9.313225746154785e-09,
            0.0
        ],
        "rotation": [
            9.325343172285114e-06,
            -5.1841044143148116e-11,
            3.650297759832229e-10
        ],
        "scale": [
            1.0,
            1.0,
            1.0
        ],
        "head_world": [
            8.669625094626099e-05,
            -0.021811943501234055,
            0.8092064261436462
        ],
        "head_world_transformed": [
            8.669625094626099e-05,
            -0.0218119528144598,
            0.8092064261436462
        ],
        "delta_matrix": [
            [
                1.0,
                -7.705451728068358e-12,
                -1.6644324807302269e-13,
                6.750155989720952e-12
            ],
            [
                6.370971458724561e-12,
                1.0,
                -1.6308341344029031e-07,
                1.2429255491497315e-07
            ],
            [
                9.047969079696572e-13,
                1.6275794223474804e-07,
                1.0,
                -7.588650818846077e-10
            ],
            [
                0.0,
                0.0,
                0.0,
                1.0
            ]
        ]
    },
    "Chest": {
        "location": [
            0.0,
            -2.60770320892334e-08,
            0.0
        ],
        "rotation": [
            9.396322160778399e-06,
            5.211020790109826e-11,
            2.4100971154257943e-10
        ],
        "scale": [
            1.0,
            1.0,
            1.0
        ],
        "head_world": [
            8.587556658312678e-05,
            -0.02383887581527233,
            0.9056679010391235
        ],
        "head_world_transformed": [
            8.587556658312678e-05,
            -0.02383890189230442,
            0.9056679010391235
        ],
        "delta_matrix": [
            [
                1.0,
                -5.9117155615240335e-12,
                -1.1368683772161603e-12,
                -7.503331289626658e-12
            ],
            [
                4.206412995699793e-12,
                1.0,
                -1.6382878698095737e-07,
                1.2553343253784988e-07
            ],
            [
                -9.094947017729282e-13,
                1.6399675928369106e-07,
                1.0,
                -4.400872910537146e-08
            ],
            [
                0.0,
                0.0,
                0.0,
                1.0
            ]
        ]
    },
    "Neck": {
        "location": [
            0.0,
            -3.725290298461914e-08,
            1.1920928955078125e-07
        ],
        "rotation": [
            8.609831749369106e-06,
            3.387163513571387e-10,
            -3.9082655925823694e-11
        ],
        "scale": [
            1.0,
            1.0000001192092896,
            1.0000001192092896
        ],
        "head_world": [
            8.662359323352575e-05,
            0.007301510777324438,
            1.0628316402435303
        ],
        "head_world_transformed": [
            8.662359323352575e-05,
            0.0073014735244214535,
            1.0628317594528198
        ],
        "delta_matrix": [
            [
                1.0,
                4.547473508864641e-13,
                2.2737367544323206e-12,
                -8.412825991399586e-12
            ],
            [
                -6.821210263296962e-13,
                1.0000001192092896,
                -1.5520387819378811e-07,
                1.2967090867732622e-07
            ],
            [
                -5.9117155615240335e-12,
                1.5026992628008884e-07,
                1.0000001192092896,
                7.158863013501104e-08
            ],
            [
                0.0,
                0.0,
                0.0,
                1.0
            ]
        ]
    },
    "Head": {
        "location": [
            7.275957614183426e-12,
            -5.820766091346741e-08,
            -1.1920928955078125e-07
        ],
        "rotation": [
            7.243861984325627e-06,
            -5.253894170254285e-10,
            2.107944172205926e-10
        ],
        "scale": [
            1.0000001192092896,
            1.0000001192092896,
            1.0000001192092896
        ],
        "head_world": [
            8.572066144552082e-05,
            0.0031464456114917994,
            1.1158525943756104
        ],
        "head_world_transformed": [
            8.572066872147843e-05,
            0.003146387403830886,
            1.1158524751663208
        ],
        "delta_matrix": [
            [
                1.0000001192092896,
                -7.104095089971452e-12,
                -7.359002296425388e-12,
                1.3669065879184927e-12
            ],
            [
                3.679057059002844e-12,
                1.0000001192092896,
                -1.4877656440148712e-07,
                1.0464395927556325e-07
            ],
            [
                9.169776049589018e-12,
                1.2642925639738678e-07,
                1.0000001192092896,
                -1.9458916256098746e-07
            ],
            [
                0.0,
                0.0,
                0.0,
                1.0
            ]
        ]
    },
    "LeftEye": {
        "location": [
            0.0,
            -8.381903171539307e-08,
            1.1920928955078125e-07
        ],
        "rotation": [
            8.866238398902464e-06,
            1.3006706619892253e-07,
            -3.3350529081009533e-09
        ],
        "scale": [
            1.0000001192092896,
            1.0000001192092896,
            1.0
        ],
        "head_world": [
            0.03197348490357399,
            -0.02863546647131443,
            1.1628519296646118
        ],
        "head_world_transformed": [
            0.03197348490357399,
            -0.028635550290346146,
            1.1628520488739014
        ],
        "delta_matrix": [
            [
                1.0000001192092896,
                2.4301698431372643e-09,
                2.342858351767063e-09,
                -7.683411240577698e-09
            ],
            [
                -5.820766091346741e-11,
                1.0000001192092896,
                -1.6106059774756432e-07,
                1.100561348721385e-07
            ],
            [
                -2.270098775625229e-09,
                1.547450665384531e-07,
                1.0,
                -2.293381839990616e-08
            ],
            [
                0.0,
                0.0,
                0.0,
                1.0
            ]
        ]
    },
    "RightEye": {
        "location": [
            -7.450580596923828e-09,
            -8.568167686462402e-08,
            1.1920928955078125e-07
        ],
        "rotation": [
            8.707821738439128e-06,
            2.2678357389670472e-07,
            7.753997027350612e-08
        ],
        "scale": [
            1.000000238418579,
            1.000000238418579,
            1.0000001192092896
        ],
        "head_world": [
            -0.03197348862886429,
            -0.02863546460866928,
            1.1628519296646118
        ],
        "head_world_transformed": [
            -0.031973496079444885,
            -0.028635550290346146,
            1.1628520488739014
        ],
        "delta_matrix": [
            [
                1.000000238418579,
                -3.055902197957039e-09,
                2.648448571562767e-09,
                5.384208634495735e-10
            ],
            [
                1.3533281162381172e-09,
                1.000000238418579,
                -1.563748810440302e-07,
                9.96951712295413e-08
            ],
            [
                -3.958120942115784e-09,
                1.519802026450634e-07,
                1.0000001192092896,
                9.825453162193298e-08
            ],
            [
                0.0,
                0.0,
                0.0,
                1.0
            ]
        ]
    },
    "LeftShoulder": {
        "location": [
            -3.725290298461914e-09,
            -5.587935447692871e-08,
            0.0
        ],
        "rotation": [
            9.151386270759272e-06,
            3.209655627065885e-05,
            -1.760908348949412e-06
        ],
        "scale": [
            0.9999999403953552,
            1.0,
            0.9999999403953552
        ],
        "head_world": [
            0.03813154622912407,
            0.015497270040214062,
            1.0484998226165771
        ],
        "head_world_transformed": [
            0.03813154250383377,
            0.015497214160859585,
            1.0484998226165771
        ],
        "delta_matrix": [
            [
                0.9999999403953552,
                2.3283064365386963e-08,
                5.285255610942841e-07,
                -5.681067705154419e-07
            ],
            [
                -3.073364496231079e-08,
                1.0,
                -1.9604340195655823e-07,
                1.5972182154655457e-07
            ],
            [
                -5.601905286312103e-07,
                1.5972182154655457e-07,
                0.9999999403953552,
                1.7648562788963318e-07
            ],
            [
                0.0,
                0.0,
                0.0,
                1.0
            ]
        ]
    },
    "LeftUpperArm": {
        "location": [
            0.0,
            -5.4016709327697754e-08,
            0.0
        ],
        "rotation": [
            1.0530600170829615e-05,
            3.102495544160468e-05,
            -1.2039541415692244e-06
        ],
        "scale": [
            1.0000001192092896,
            1.0,
            1.000000238418579
        ],
        "head_world": [
            0.08108258247375488,
            0.016967903822660446,
            1.0440876483917236
        ],
        "head_world_transformed": [
            0.08108258247375488,
            0.01696784980595112,
            1.0440876483917236
        ],
        "delta_matrix": [
            [
                1.0000001192092896,
                1.6603735275566578e-08,
                5.647962098009884e-07,
                -6.151931302156299e-07
            ],
            [
                -2.1012965589761734e-08,
                1.0,
                -1.5880573300819378e-07,
                1.0275266504322644e-07
            ],
            [
                -5.414876795839518e-07,
                1.837936451920541e-07,
                1.000000238418579,
                -2.6728957891464233e-07
            ],
            [
                0.0,
                0.0,
                0.0,
                1.0
            ]
        ]
    },
    "LeftLowerArm": {
        "location": [
            0.0,
            -5.960464477539063e-08,
            -1.1920928955078125e-07
        ],
        "rotation": [
            1.0208598168656754e-05,
            3.1166073141488843e-05,
            -1.2239645631809958e-06
        ],
        "scale": [
            1.0,
            1.0,
            1.0000001192092896
        ],
        "head_world": [
            0.25399696826934814,
            0.016955146566033363,
            1.0385545492172241
        ],
        "head_world_transformed": [
            0.25399696826934814,
            0.016955086961388588,
            1.0385544300079346
        ],
        "delta_matrix": [
            [
                1.0,
                1.5745172277092934e-08,
                5.554466042667627e-07,
                -5.666806828230619e-07
            ],
            [
                -2.136221155524254e-08,
                1.0,
                -1.5602563507854939e-07,
                1.0896474123001099e-07
            ],
            [
                -5.439505912363529e-07,
                1.7817365005612373e-07,
                1.0000001192092896,
                -1.4004763215780258e-07
            ],
            [
                0.0,
                0.0,
                0.0,
                1.0
            ]
        ]
    },
    "LeftHand": {
        "location": [
            -2.9802322387695312e-08,
            -5.587935447692871e-08,
            0.0
        ],
        "rotation": [
            1.0105211516180975e-05,
            3.1147727091419663e-05,
            -1.0397027662649625e-06
        ],
        "scale": [
            1.0000001192092896,
            1.0,
            1.0000001192092896
        ],
        "head_world": [
            0.41971486806869507,
            0.011453469283878803,
            1.036902666091919
        ],
        "head_world_transformed": [
            0.4197148382663727,
            0.011453413404524326,
            1.036902666091919
        ],
        "delta_matrix": [
            [
                1.0000001192092896,
                1.1219526641070843e-08,
                5.557667464017868e-07,
                -6.418413249775767e-07
            ],
            [
                -1.8146238289773464e-08,
                1.0,
                -1.514563336968422e-07,
                1.1082738637924194e-07
            ],
            [
                -5.436304491013288e-07,
                1.7636921256780624e-07,
                1.0000001192092896,
                -5.324545782059431e-08
            ],
            [
                0.0,
                0.0,
                0.0,
                1.0
            ]
        ]
    },
    "LeftIndexProximal": {
        "location": [
            0.0,
            -6.239861249923706e-08,
            -1.1920928955078125e-07
        ],
        "rotation": [
            9.935957560918208e-06,
            3.0965139436710204e-05,
            -10.192682760673566
        ],
        "scale": [
            0.9999998211860657,
            1.0,
            1.0000001192092896
        ],
        "head_world": [
            0.47593703866004944,
            -0.006478205323219299,
            1.0352321863174438
        ],
        "head_world_transformed": [
            0.47593703866004944,
            -0.0064782677218317986,
            1.0352320671081543
        ],
        "delta_matrix": [
            [
                0.9842180609703064,
                0.17695896327495575,
                5.264300853013992e-07,
                0.00865701213479042
            ],
            [
                -0.17695902287960052,
                0.9842182397842407,
                -2.4563632905483246e-07,
                0.08411931246519089
            ],
            [
                -5.404435796663165e-07,
                1.7341517377644777e-07,
                1.0000001192092896,
                7.021299097687006e-08
            ],
            [
                0.0,
                0.0,
                0.0,
                1.0
            ]
        ]
    },
    "LeftIndexIntermediate": {
        "location": [
            -0.000319063663482666,
            -0.004398501478135586,
            -1.1920928955078125e-07
        ],
        "rotation": [
            1.0045182999344905e-05,
            3.1030172976170774e-05,
            -10.192681906899919
        ],
        "scale": [
            0.9999998211860657,
            0.9999997615814209,
            0.9999998211860657
        ],
        "head_world": [
            0.5007561445236206,
            -0.006067894399166107,
            1.0350130796432495
        ],
        "head_world_transformed": [
            0.5004370808601379,
            -0.010466395877301693,
            1.03501296043396
        ],
        "delta_matrix": [
            [
                0.9842180609703064,
                0.17695897817611694,
                5.181645974516869e-07,
                0.008657127618789673
            ],
            [
                -0.17695900797843933,
                0.9842180013656616,
                -2.4389009922742844e-07,
                0.0841192975640297
            ],
            [
                -5.415786290541291e-07,
                1.7532147467136383e-07,
                0.9999998211860657,
                2.4845940060913563e-07
            ],
            [
                0.0,
                0.0,
                0.0,
                1.0
            ]
        ]
    },
    "LeftIndexDistal": {
        "location": [
            -0.000514686107635498,
            -0.007212640251964331,
            -1.1920928955078125e-07
        ],
        "rotation": [
            1.040703628301013e-05,
            3.088092934074203e-05,
            -10.192681053126273
        ],
        "scale": [
            0.9999998807907104,
            0.9999997615814209,
            0.9999999403953552
        ],
        "head_world": [
            0.5166312456130981,
            -0.0057575940154492855,
            1.0348249673843384
        ],
        "head_world_transformed": [
            0.5161165595054626,
            -0.012970234267413616,
            1.0348248481750488
        ],
        "delta_matrix": [
            [
                0.9842181205749512,
                0.17695894837379456,
                5.19677996635437e-07,
                0.008657019585371017
            ],
            [
                -0.17695900797843933,
                0.9842180013656616,
                -2.443557605147362e-07,
                0.08411930501461029
            ],
            [
                -5.389738362282515e-07,
                1.8163700588047504e-07,
                0.9999999403953552,
                1.227017492055893e-07
            ],
            [
                0.0,
                0.0,
                0.0,
                1.0
            ]
        ]
    },
    "LeftMiddleProximal": {
        "location": [
            5.960464477539063e-08,
            -6.100162863731384e-08,
            -2.384185791015625e-07
        ],
        "rotation": [
            9.908443371146428e-06,
            3.088468127571091e-05,
            0.45729802696186717
        ],
        "scale": [
            0.9999998211860657,
            1.0,
            1.0
        ],
        "head_world": [
            0.4760167598724365,
            0.005037553142756224,
            1.035661220550537
        ],
        "head_world_transformed": [
            0.4760168194770813,
            0.005037492141127586,
            1.035660982131958
        ],
        "delta_matrix": [
            [
                0.9999679923057556,
                -0.007981273345649242,
                5.58093233848922e-07,
                5.490076000569388e-05
            ],
            [
                0.007981270551681519,
                0.9999681711196899,
                -1.4691795513499528e-07,
                -0.0037989658303558826
            ],
            [
                -5.390393198467791e-07,
                1.7293496057391167e-07,
                1.0,
                -2.954038791358471e-09
            ],
            [
                0.0,
                0.0,
                0.0,
                1.0
            ]
        ]
    },
    "LeftMiddleIntermediate": {
        "location": [
            5.364418029785156e-07,
            0.0002206205390393734,
            -2.384185791015625e-07
        ],
        "rotation": [
            9.929287454306866e-06,
            3.09030208120041e-05,
            0.45729802696186717
        ],
        "scale": [
            0.9999999403953552,
            1.0,
            1.0000001192092896
        ],
        "head_world": [
            0.5036660432815552,
            0.004870002623647451,
            1.0353471040725708
        ],
        "head_world_transformed": [
            0.5036665797233582,
            0.005090623162686825,
            1.0353468656539917
        ],
        "delta_matrix": [
            [
                0.9999681115150452,
                -0.007981279864907265,
                5.54940925212577e-07,
                5.487514135893434e-05
            ],
            [
                0.007981271483004093,
                0.9999681711196899,
                -1.466651156079024e-07,
                -0.0037989646662026644
            ],
            [
                -5.393594619818032e-07,
                1.7329875845462084e-07,
                1.0000001192092896,
                -6.976915756240487e-08
            ],
            [
                0.0,
                0.0,
                0.0,
                1.0
            ]
        ]
    },
    "LeftMiddleDistal": {
        "location": [
            8.940696716308594e-07,
            0.00036865053698420525,
            -2.384185791015625e-07
        ],
        "rotation": [
            1.0265712584960354e-05,
            3.07794153988627e-05,
            0.45729802696186717
        ],
        "scale": [
            0.9999999403953552,
            0.9999999403953552,
            1.0000003576278687
        ],
        "head_world": [
            0.5222127437591553,
            0.004752587527036667,
            1.0351272821426392
        ],
        "head_world_transformed": [
            0.5222136378288269,
            0.005121238064020872,
            1.03512704372406
        ],
        "delta_matrix": [
            [
                0.9999681115150452,
                -0.007981281727552414,
                5.611000233329833e-07,
                5.494092692970298e-05
            ],
            [
                0.007981271483004093,
                0.9999681115150452,
                -1.4452780305873603e-07,
                -0.0037989674601703882
            ],
            [
                -5.372021405491978e-07,
                1.7917045624926686e-07,
                1.0000003576278687,
                -4.0442319004796445e-07
            ],
            [
                0.0,
                0.0,
                0.0,
                1.0
            ]
        ]
    },
    "LeftRingProximal": {
        "location": [
            0.0,
            -5.774199962615967e-08,
            0.0
        ],
        "rotation": [
            1.0243615414144294e-05,
            3.080589064136445e-05,
            9.728027552758537
        ],
        "scale": [
            0.9999998807907104,
            1.0000001192092896,
            1.0000001192092896
        ],
        "head_world": [
            0.47379910945892334,
            0.016944479197263718,
            1.033769965171814
        ],
        "head_world_transformed": [
            0.47379910945892334,
            0.01694442145526409,
            1.033769965171814
        ],
        "delta_matrix": [
            [
                0.9856207966804504,
                -0.16897155344486237,
                5.718902684748173e-07,
                0.009675376117229462
            ],
            [
                0.16897152364253998,
                0.9856210350990295,
                -5.972106009721756e-08,
                -0.07981491833925247
            ],
            [
                -5.376641638576984e-07,
                1.7878483049571514e-07,
                1.0000001192092896,
                3.140958142466843e-07
            ],
            [
                0.0,
                0.0,
                0.0,
                1.0
            ]
        ]
    },
    "LeftRingIntermediate": {
        "location": [
            -0.0002556741237640381,
            0.004331925883889198,
            0.0
        ],
        "rotation": [
            1.0372851172405011e-05,
            3.0755858328003405e-05,
            9.728026698984891
        ],
        "scale": [
            1.0000001192092896,
            0.9999998807907104,
            1.000000238418579
        ],
        "head_world": [
            0.4993799924850464,
            0.016280775889754295,
            1.033644437789917
        ],
        "head_world_transformed": [
            0.49912431836128235,
            0.020612701773643494,
            1.033644437789917
        ],
        "delta_matrix": [
            [
                0.9856210350990295,
                -0.16897152364253998,
                5.710171535611153e-07,
                0.009675301611423492
            ],
            [
                0.16897153854370117,
                0.9856207966804504,
                -5.75091689825058e-08,
                -0.07981490343809128
            ],
            [
                -5.367910489439964e-07,
                1.81040377356112e-07,
                1.000000238418579,
                2.8870999813079834e-08
            ],
            [
                0.0,
                0.0,
                0.0,
                1.0
            ]
        ]
    },
    "LeftRingDistal": {
        "location": [
            -0.00041359663009643555,
            0.007071442902088165,
            0.0
        ],
        "rotation": [
            1.0321992423715538e-05,
            3.077254336519574e-05,
            9.728026698984891
        ],
        "scale": [
            0.9999997019767761,
            0.9999998211860657,
            1.0000001192092896
        ],
        "head_world": [
            0.5155552625656128,
            0.01583877205848694,
            1.0335667133331299
        ],
        "head_world_transformed": [
            0.5151416659355164,
            0.022910214960575104,
            1.0335667133331299
        ],
        "delta_matrix": [
            [
                0.9856206774711609,
                -0.1689714938402176,
                5.718320608139038e-07,
                0.009675486944615841
            ],
            [
                0.1689714789390564,
                0.9856207966804504,
                -5.861511453986168e-08,
                -0.07981488853693008
            ],
            [
                -5.370820872485638e-07,
                1.8015271052718163e-07,
                1.0000001192092896,
                1.6724516171962023e-07
            ],
            [
                0.0,
                0.0,
                0.0,
                1.0
            ]
        ]
    },
    "LeftLittleProximal": {
        "location": [
            2.9802322387695312e-08,
            -5.21540641784668e-08,
            -1.1920928955078125e-07
        ],
        "rotation": [
            1.0128557703542665e-05,
            3.123944431421359e-05,
            22.64677114609936
        ],
        "scale": [
            1.0,
            0.9999999403953552,
            1.000000238418579
        ],
        "head_world": [
            0.47292107343673706,
            0.027890097349882126,
            1.0313667058944702
        ],
        "head_world_transformed": [
            0.47292110323905945,
            0.027890045195817947,
            1.0313665866851807
        ],
        "delta_matrix": [
            [
                0.9228962063789368,
                -0.3850487470626831,
                5.764886736869812e-07,
                0.047202471643686295
            ],
            [
                0.38504883646965027,
                0.9228962063789368,
                7.450580596923828e-08,
                -0.1799474060535431
            ],
            [
                -5.452311597764492e-07,
                1.7677666619420052e-07,
                1.000000238418579,
                -1.3032695278525352e-07
            ],
            [
                0.0,
                0.0,
                0.0,
                1.0
            ]
        ]
    },
    "LeftLittleIntermediate": {
        "location": [
            -0.0011278092861175537,
            0.007043791934847832,
            -1.1920928955078125e-07
        ],
        "rotation": [
            1.0465395644749368e-05,
            3.115857252843908e-05,
            22.646772853646652
        ],
        "scale": [
            0.9999998807907104,
            1.0000001192092896,
            1.0
        ],
        "head_world": [
            0.4910731315612793,
            0.02718432806432247,
            1.031028151512146
        ],
        "head_world_transformed": [
            0.48994532227516174,
            0.0342281199991703,
            1.0310280323028564
        ],
        "delta_matrix": [
            [
                0.9228960871696472,
                -0.38504883646965027,
                5.760812200605869e-07,
                0.04720253497362137
            ],
            [
                0.3850488066673279,
                0.9228963255882263,
                6.909249350428581e-08,
                -0.1799473911523819
            ],
            [
                -5.438196239992976e-07,
                1.8265563994646072e-07,
                1.0,
                6.224581738933921e-08
            ],
            [
                0.0,
                0.0,
                0.0,
                1.0
            ]
        ]
    },
    "LeftLittleDistal": {
        "location": [
            -0.0019038915634155273,
            0.012255540117621422,
            -1.1920928955078125e-07
        ],
        "rotation": [
            1.0452890823297102e-05,
            3.10493397620144e-05,
            22.646772853646652
        ],
        "scale": [
            1.000000238418579,
            1.0,
            1.000000238418579
        ],
        "head_world": [
            0.5044746398925781,
            0.026516234502196312,
            1.0310078859329224
        ],
        "head_world_transformed": [
            0.5025707483291626,
            0.038771774619817734,
            1.0310077667236328
        ],
        "delta_matrix": [
            [
                0.9228964447975159,
                -0.38504886627197266,
                5.696783773601055e-07,
                0.04720234125852585
            ],
            [
                0.3850489556789398,
                0.9228962659835815,
                6.754999049007893e-08,
                -0.17994748055934906
            ],
            [
                -5.419133231043816e-07,
                1.8243736121803522e-07,
                1.000000238418579,
                -1.438165782019496e-07
            ],
            [
                0.0,
                0.0,
                0.0,
                1.0
            ]
        ]
    },
    "LeftThumbProximal": {
        "location": [
            2.9802322387695312e-08,
            -5.681067705154419e-08,
            0.0
        ],
        "rotation": [
            2.2411558214104338e-05,
            2.614681791645506e-05,
            4.669074627938404e-06
        ],
        "scale": [
            1.0,
            1.0,
            1.000000238418579
        ],
        "head_world": [
            0.43279170989990234,
            -0.005300408694893122,
            1.0304092168807983
        ],
        "head_world_transformed": [
            0.43279173970222473,
            -0.005300465505570173,
            1.0304092168807983
        ],
        "delta_matrix": [
            [
                1.0,
                -1.4621764421463013e-07,
                4.5821070671081543e-07,
                -4.3213367462158203e-07
            ],
            [
                8.149072527885437e-08,
                1.0,
                -3.46451997756958e-07,
                2.6868656277656555e-07
            ],
            [
                -4.5634806156158447e-07,
                3.91155481338501e-07,
                1.000000238418579,
                -1.210719347000122e-08
            ],
            [
                0.0,
                0.0,
                0.0,
                1.0
            ]
        ]
    },
    "LeftThumbIntermediate": {
        "location": [
            2.9802322387695312e-08,
            -5.4016709327697754e-08,
            0.0
        ],
        "rotation": [
            2.0197084447583265e-05,
            2.475944225507221e-05,
            1.5176163324340641e-05
        ],
        "scale": [
            0.9999997615814209,
            0.9999998807907104,
            1.0000001192092896
        ],
        "head_world": [
            0.450104683637619,
            -0.01644473522901535,
            1.0275129079818726
        ],
        "head_world_transformed": [
            0.4501047134399414,
            -0.016444789245724678,
            1.0275129079818726
        ],
        "delta_matrix": [
            [
                0.9999997615814209,
                -7.794005796313286e-08,
                4.954636096954346e-07,
                -3.7997961044311523e-07
            ],
            [
                2.6487396098673344e-07,
                0.9999998807907104,
                -3.57162207365036e-07,
                1.8207356333732605e-07
            ],
            [
                -4.3213367462158203e-07,
                3.525055944919586e-07,
                1.0000001192092896,
                6.705522537231445e-08
            ],
            [
                0.0,
                0.0,
                0.0,
                1.0
            ]
        ]
    },
    "LeftThumbDistal": {
        "location": [
            2.9802322387695312e-08,
            -4.470348358154297e-08,
            0.0
        ],
        "rotation": [
            1.8783020217535063e-05,
            2.8174533583190593e-05,
            0.0
        ],
        "scale": [
            0.9999999403953552,
            1.0,
            0.9999999403953552
        ],
        "head_world": [
            0.46975722908973694,
            -0.028071027249097824,
            1.0251126289367676
        ],
        "head_world_transformed": [
            0.4697572588920593,
            -0.028071071952581406,
            1.0251126289367676
        ],
        "delta_matrix": [
            [
                0.9999999403953552,
                -4.470348358154297e-08,
                4.3213367462158203e-07,
                -4.172325134277344e-07
            ],
            [
                0.0,
                1.0,
                -3.650784492492676e-07,
                2.7194619178771973e-07
            ],
            [
                -4.917383193969727e-07,
                3.2782554626464844e-07,
                0.9999999403953552,
                2.477318048477173e-07
            ],
            [
                0.0,
                0.0,
                0.0,
                1.0
            ]
        ]
    },
    "RightShoulder": {
        "location": [
            0.0,
            -5.494803190231323e-08,
            0.0
        ],
        "rotation": [
            5.5095072467453184e-06,
            -2.6867192687367837e-05,
            7.150355101579097e-06
        ],
        "scale": [
            0.9999998807907104,
            1.0000001192092896,
            0.9999999403953552
        ],
        "head_world": [
            -0.03813154622912407,
            0.015497269108891487,
            1.0484998226165771
        ],
        "head_world_transformed": [
            -0.03813154622912407,
            0.015497214160859585,
            1.0484998226165771
        ],
        "delta_matrix": [
            [
                0.9999998807907104,
                -1.1455267667770386e-07,
                -4.600733518600464e-07,
                4.880130290985107e-07
            ],
            [
                1.2479722499847412e-07,
                1.0000001192092896,
                -1.30385160446167e-07,
                6.82193785905838e-08
            ],
            [
                4.6892091631889343e-07,
                9.615905582904816e-08,
                0.9999999403953552,
                -2.7939677238464355e-08
            ],
            [
                0.0,
                0.0,
                0.0,
                1.0
            ]
        ]
    },
    "RightUpperArm": {
        "location": [
            1.4901161193847656e-08,
            -3.725290298461914e-08,
            1.1920928955078125e-07
        ],
        "rotation": [
            6.8113505156345055e-06,
            -2.6704810765772028e-05,
            6.670522678781787e-06
        ],
        "scale": [
            1.0000001192092896,
            1.0000001192092896,
            0.9999999403953552
        ],
        "head_world": [
            -0.08108258992433548,
            0.016967875882983208,
            1.0440874099731445
        ],
        "head_world_transformed": [
            -0.08108257502317429,
            0.016967838630080223,
            1.044087529182434
        ],
        "delta_matrix": [
            [
                1.0000001192092896,
                -1.8629361875355244e-07,
                -4.58789145341143e-07,
                4.955036274623126e-07
            ],
            [
                1.16422597784549e-07,
                1.0000001192092896,
                -1.4317106433736626e-07,
                1.1484667084005196e-07
            ],
            [
                4.66086930828169e-07,
                1.1888050721609034e-07,
                0.9999999403953552,
                5.6228600442409515e-08
            ],
            [
                0.0,
                0.0,
                0.0,
                1.0
            ]
        ]
    },
    "RightLowerArm": {
        "location": [
            0.0,
            -5.587935447692871e-08,
            0.0
        ],
        "rotation": [
            6.840194329929762e-06,
            -2.6567028119193533e-05,
            6.803090233460183e-06
        ],
        "scale": [
            1.000000238418579,
            1.0,
            1.000000238418579
        ],
        "head_world": [
            -0.25399696826934814,
            0.01695510931313038,
            1.0385541915893555
        ],
        "head_world_transformed": [
            -0.25399696826934814,
            0.016955053433775902,
            1.0385541915893555
        ],
        "delta_matrix": [
            [
                1.000000238418579,
                -1.9279104890301824e-07,
                -4.463654477149248e-07,
                5.010515451431274e-07
            ],
            [
                1.1873635230585933e-07,
                1.0,
                -1.356529537588358e-07,
                1.1455267667770386e-07
            ],
            [
                4.6368222683668137e-07,
                1.1938391253352165e-07,
                1.000000238418579,
                -1.5954719856381416e-07
            ],
            [
                0.0,
                0.0,
                0.0,
                1.0
            ]
        ]
    },
    "RightHand": {
        "location": [
            -2.9802322387695312e-08,
            -8.381903171539307e-08,
            -3.5762786865234375e-07
        ],
        "rotation": [
            6.449991464722341e-06,
            -2.6815489590465967e-05,
            6.683445196119262e-06
        ],
        "scale": [
            1.000000238418579,
            1.000000238418579,
            1.0000001192092896
        ],
        "head_world": [
            -0.41971486806869507,
            0.011453470215201378,
